-117.824394	69	0
-117.818500008	68.910473844	0
-117.812652827	68.8209358729	0
-117.806851904	68.7313865243	0
-117.80109669	68.6418262366	0
-117.795386649	68.5522554481	0
-117.789721249	68.4626745976	0
-117.784099971	68.373084124	0
-117.778522301	68.2834844665	0
-117.772987733	68.1938760646	0
-117.76749577	68.1042593579	0
-117.762045921	68.0146347862	0
-117.756637705	67.9250027896	0
-117.751270646	67.8353638084	0
-117.745944276	67.7457182829	0
-117.740658134	67.6560666538	0
-117.735411767	67.5664093616	0
-117.730204727	67.4767468473	0
-117.725036574	67.3870795518	0
-117.719906874	67.2974079162	0
-117.714815199	67.2077323816	0
-117.709761128	67.1180533892	0
-117.704744247	67.0283713805	0
-117.699764146	66.9386867967	0
-117.694820422	66.8490000793	1
-117.689912679	66.7593116697	1
-117.685040525	66.6696220094	1
-117.680203574	66.5799315399	1
-117.675401447	66.4902407027	1
-117.670633768	66.4005499391	1
-117.665900168	66.3108596907	1
-117.661200284	66.2211703989	1
-117.656533757	66.1314825049	1
-117.651900232	66.0417964501	1
-117.647299361	65.9521126755	1
-117.6427308	65.8624316224	0
-117.63819421	65.7727537318	0
-117.633689256	65.6830794444	0
-117.629215609	65.593409201	0
-117.624772944	65.5037434423	0
-117.620360939	65.4140826087	0
-117.61597928	65.3244271404	0
-117.611627653	65.2347774776	0
-117.607305751	65.1451340602	0
-117.60301327	65.0554973279	0
-117.598749912	64.9658677201	0
-117.594515381	64.8762456761	0
-117.590309385	64.786631635	0
-117.586131638	64.6970260355	0
-117.581981855	64.6074293161	0
-117.577859756	64.5178419149	1
-117.573765067	64.42826427	1
-117.569697513	64.3386968189	1
-117.565656827	64.249139999	1
-117.561642744	64.1595942471	1
-117.557655	64.07006	1
-117.554064828	63.9795717	1
-117.550497454	63.8890742707	1
-117.546952664	63.7985681635	1
-117.543430243	63.7080538298	1
-117.539929981	63.6175317215	1
-117.536451668	63.5270022904	1
-117.532995099	63.4364659887	1
-117.52956007	63.3459232689	1
-117.526146382	63.2553745835	1
-117.522753835	63.1648203852	1
-117.519382235	63.0742611268	1
-117.516031387	62.9836972615	1
-117.512701101	62.8931292423	1
-117.509391188	62.8025575226	1
-117.506101461	62.7119825555	1
-117.502831737	62.6214047947	1
-117.499581834	62.5308246936	1
-117.496351572	62.4402427057	1
-117.493140773	62.3496592848	1
-117.489949263	62.2590748844	1
-117.486776867	62.1684899583	1
-117.483623415	62.0779049601	1
-117.480488738	61.9873203434	1
-117.477372668	61.896736562	1
-117.47427504	61.8061540695	2
-117.471195692	61.7155733193	2
-117.468134461	61.6249947651	2
-117.465091188	61.5344188602	2
-117.462065717	61.4438460581	2
-117.45905789	61.3532768118	2
-117.456067554	61.2627115746	2
-117.453094558	61.1721507994	2
-117.45013875	61.0815949392	2
-117.447199982	60.9910444465	2
-117.444278107	60.9004997739	2
-117.441372981	60.8099613739	2
-117.438484458	60.7194296984	2
-117.435612398	60.6289051995	2
-117.43275666	60.5383883288	2
-117.429917106	60.4478795379	2
-117.427093598	60.357379278	2
-117.424286	60.266888	2
-117.411416656	60.1769574361	2
-117.398615535	60.0870111164	2
-117.385882097	59.9970494936	2
-117.373215809	59.9070730208	2
-117.36061614	59.8170821514	2
-117.348082569	59.7270773393	2
-117.335614578	59.6370590384	2
-117.323211654	59.547027703	2
-117.310873292	59.4569837876	2
-117.298598988	59.366927747	2
-117.286388247	59.2768600363	2
-117.274240577	59.1867811107	2
-117.262155493	59.0966914257	2
-117.250132512	59.0065914368	2
-117.238171158	58.9164816	2
-117.22627096	58.8263623713	2
-117.21443145	58.7362342069	2
-117.202652167	58.6460975631	2
-117.190932654	58.5559528963	2
-117.179272457	58.4658006632	2
-117.167671129	58.3756413205	2
-117.156128225	58.285475325	2
-117.144643306	58.1953031336	3
-117.133215938	58.1051252032	2
-117.121845689	58.014941991	3
-117.110532134	57.924753954	3
-117.09927485	57.8345615494	3
-117.08807342	57.7443652342	3
-117.07692743	57.6541654658	3
-117.065836469	57.5639627012	3
-117.054800132	57.4737573977	3
-117.043818018	57.3835500123	3
-117.032889729	57.2933410023	3
-117.02201487	57.2031308246	3
-117.011193052	57.1129199362	3
-117.000423888	57.0227087941	3
-116.989706995	56.9324978551	3
-116.979041996	56.842287576	3
-116.968428514	56.7520784134	3
-116.957866177	56.6618708237	3
-116.947354619	56.5716652635	3
-116.936893473	56.4814621887	3
-116.92648238	56.3912620556	3
-116.91612098	56.3010653201	3
-116.905808921	56.2108724377	3
-116.895545851	56.120683864	3
-116.885331423	56.0305000543	3
-116.875165291	55.9403214636	3
-116.865047116	55.8501485467	3
-116.854976559	55.7599817583	3
-116.844953285	55.6698215526	3
-116.834976963	55.5796683836	4
-116.825047265	55.489522705	3
-116.815163864	55.3993849704	3
-116.805326438	55.3092556328	3
-116.795534668	55.219135145	3
-116.785788238	55.1290239594	3
-116.776086833	55.0389225282	3
-116.766430143	54.9488313032	3
-116.756817861	54.8587507355	3
-116.74724968	54.7686812763	3
-116.737725299	54.6786233761	3
-116.728244418	54.5885774851	3
-116.718806741	54.4985440529	3
-116.709411972	54.4085235288	3
-116.700059822	54.3185163617	3
-116.69075	54.228523	3
-116.65697798	54.1414038207	3
-116.623340133	54.05425542	3
-116.589835684	53.9670782784	3
-116.556463863	53.8798728764	3
-116.523223907	53.7926396949	3
-116.490115058	53.7053792147	3
-116.457136564	53.6180919168	3
-116.424287678	53.5307782825	3
-116.39156766	53.4434387932	3
-116.358975773	53.3560739301	3
-116.326511288	53.268684175	3
-116.29417348	53.1812700095	3
-116.261961628	53.0938319153	3
-116.22987502	53.0063703743	3
-116.197912945	52.9188858684	3
-116.166074701	52.8313788797	3
-116.134359587	52.7438498902	2
-116.102766912	52.656299382	2
-116.071295986	52.5687278372	2
-116.039946125	52.4811357381	2
-116.008716651	52.3935235668	2
-115.977606891	52.3058918057	2
-115.946616176	52.2182409368	2
-115.915743841	52.1305714424	2
-115.884989227	52.0428838048	4
-115.854351681	51.955178506	4
-115.823830552	51.8674560283	4
-115.793425195	51.7797168538	4
-115.763134969	51.6919614644	4
-115.73295924	51.6041903421	4
-115.702897375	51.516403969	4
-115.672948748	51.4286028267	4
-115.643112737	51.3407873969	4
-115.613388723	51.2529581614	4
-115.583776093	51.1651156017	4
-115.554274238	51.077260199	4
-115.524882553	50.9893924346	4
-115.495600437	50.9015127897	4
-115.466427294	50.8136217451	4
-115.437362533	50.7257197816	4
-115.408405564	50.6378073799	4
-115.379555804	50.5498850203	4
-115.350812673	50.461953183	4
-115.322175596	50.3740123481	4
-115.293644002	50.2860629953	4
-115.265217321	50.1981056041	3
-115.236894991	50.1101406539	3
-115.208676452	50.0221686238	3
-115.180561148	49.9341899924	3
-115.152548527	49.8462052384	3
-115.124638041	49.75821484	3
-115.096829145	49.6702192751	3
-115.069121299	49.5822190214	3
-115.041513966	49.4942145562	3
-115.014006613	49.4062063565	3
-114.98659871	49.3181948989	4
-114.959289731	49.2301806599	4
-114.932079154	49.1421641153	4
-114.904966461	49.0541457406	5
-114.877951136	48.9661260113	8
-114.851032667	48.878105402	8
-114.824210547	48.7900843871	8
-114.797484271	48.7020634407	8
-114.770853337	48.6140430364	8
-114.744317248	48.5260236472	8
-114.717875509	48.4380057459	6
-114.69152763	48.3499898047	8
-114.665273121	48.2619762955	6
-114.6391115	48.1739656894	6
-114.613042284	48.0859584573	6
-114.587064996	47.9979550696	6
-114.561179161	47.9099559959	6
-114.535384308	47.8219617056	7
-114.509679967	47.7339726674	7
-114.484065674	47.6459893495	6
-114.458540966	47.5580122195	7
-114.433105385	47.4700417446	7
-114.407758474	47.3820783912	7
-114.382499781	47.2941226252	7
-114.357328855	47.206174912	7
-114.332245249	47.1182357162	7
-114.30724852	47.030305502	7
-114.282338226	46.9423847328	7
-114.257513929	46.8544738713	7
-114.232775194	46.7665733798	7
-114.208121588	46.6786837198	7
-114.183552682	46.590805352	8
-114.159068049	46.5029387367	8
-114.134667266	46.4150843332	8
-114.11034991	46.3272426004	8
-114.086115563	46.2394139961	8
-114.061963811	46.1515989778	8
-114.037894239	46.0637980019	8
-114.013906438	45.9760115243	8
-113.99	45.88824	8
-113.956947668	45.8017680246	9
-113.923990683	45.7152678899	10
-113.891128656	45.6287400642	9
-113.858361197	45.542185016	7
-113.825687921	45.4556032143	7
-113.793108443	45.3689951281	7
-113.760622381	45.282361227	5
-113.728229355	45.1957019809	5
-113.695928985	45.1090178599	5
-113.663720896	45.0223093344	5
-113.631604713	44.9355768751	5
-113.599580063	44.8488209528	5
-113.567646576	44.7620420389	5
-113.535803881	44.6752406046	5
-113.504051613	44.5884171217	5
-113.472389406	44.5015720619	5
-113.440816897	44.4147058975	5
-113.409333724	44.3278191005	5
-113.377939527	44.2409121435	6
-113.346633949	44.153985499	6
-113.315416634	44.0670396397	5
-113.284287226	43.9800750387	5
-113.253245374	43.8930921689	5
-113.222290727	43.8060915034	5
-113.191422937	43.7190735156	5
-113.160641655	43.6320386787	5
-113.129946536	43.5449874663	6
-113.099337237	43.4579203518	6
-113.068813415	43.3708378088	9
-113.038374731	43.283740311	9
-113.008020845	43.196628332	9
-112.977751421	43.1095023455	9
-112.947566124	43.0223628252	6
-112.91746462	42.9352102449	6
-112.887446577	42.8480450782	6
-112.857511665	42.7608677988	6
-112.827659555	42.6736788804	6
-112.79788992	42.5864787966	6
-112.768202436	42.4992680209	6
-112.738596778	42.4120470268	6
-112.709072625	42.3248162877	5
-112.679629655	42.2375762768	4
-112.65026755	42.1503274675	4
-112.620985993	42.0630703327	7
-112.591784667	41.9758053454	7
-112.562663259	41.8885329784	7
-112.533621456	41.8012537044	7
-112.504658947	41.7139679959	7
-112.475775423	41.6266763251	7
-112.446970574	41.5393791641	7
-112.418244096	41.452076985	7
-112.389595682	41.3647702593	7
-112.361025029	41.2774594586	7
-112.332531836	41.190145054	7
-112.304115801	41.1028275166	8
-112.275776625	41.0155073171	8
-112.247514012	40.928184926	8
-112.219327665	40.8408608133	7
-112.191217288	40.7535354489	8
-112.16318259	40.6662093023	8
-112.135223278	40.5788828429	7
-112.107339061	40.4915565394	7
-112.079529651	40.4042308604	7
-112.05179476	40.3169062741	7
-112.024134102	40.2295832482	7
-111.996547392	40.1422622502	8
-111.969034347	40.0549437471	8
-111.941594685	39.9676282055	7
-111.914228124	39.8803160916	7
-111.886934386	39.7930078711	8
-111.859713193	39.7057040094	8
-111.832564269	39.6184049713	8
-111.805487337	39.5311112211	8
-111.778482124	39.4438232228	8
-111.751548357	39.3565414398	8
-111.724685766	39.269266335	8
-111.697894079	39.1819983707	8
-111.671173029	39.0947380089	9
-111.644522348	39.0074857109	8
-111.61794177	38.9202419373	8
-111.591431029	38.8330071485	7
-111.564989863	38.745781804	7
-111.538618009	38.6585663629	7
-111.512315207	38.5713612836	10
-111.486081195	38.4841670239	10
-111.459915716	38.3969840411	10
-111.433818513	38.3098127917	10
-111.407789329	38.2226537317	10
-111.381827909	38.1355073162	10
-111.355934	38.048374	10
-111.308324189	37.966933342	10
-111.260806292	37.8854501903	10
-111.213380108	37.8039250163	10
-111.166045437	37.7223582924	10
-111.118802078	37.6407504913	10
-111.071649833	37.5591020866	12
-111.0245885	37.4774135521	12
-110.977617881	37.3956853626	12
-110.930737777	37.3139179932	12
-110.883947989	37.2321119197	12
-110.837248318	37.1502676183	12
-110.790638566	37.0683855659	10
-110.744118535	36.9864662398	10
-110.697688028	36.9045101179	9
-110.651346847	36.8225176785	9
-110.605094795	36.7404894005	9
-110.558931676	36.6584257631	9
-110.512857292	36.5763272462	9
-110.466871448	36.49419433	9
-110.420973947	36.412027495	9
-110.375164595	36.3298272224	9
-110.329443195	36.2475939937	9
-110.283809554	36.1653282908	8
-110.238263475	36.0830305959	8
-110.192804765	36.0007013916	9
-110.14743323	35.9183411611	9
-110.102148676	35.8359503875	9
-110.056950909	35.7535295546	9
-110.011839736	35.6710791465	10
-109.966814965	35.5885996473	9
-109.921876403	35.5060915418	9
-109.877023857	35.4235553148	10
-109.832257136	35.3409914514	10
-109.787576048	35.2584004372	10
-109.742980402	35.1757827577	11
-109.698470007	35.0931388988	10
-109.654044672	35.0104693467	10
-109.609704207	34.9277745877	10
-109.565448422	34.8450551082	10
-109.521277127	34.762311395	11
-109.477190132	34.6795439349	12
-109.43318725	34.596753215	11
-109.38926829	34.5139397223	11
-109.345433066	34.4311039441	11
-109.301681387	34.3482463679	11
-109.258013068	34.265367481	13
-109.21442792	34.1824677712	13
-109.170925757	34.0995477259	11
-109.12750639	34.0166078329	14
-109.084169636	33.9336485801	14
-109.040915306	33.850670455	14
-108.997743215	33.7676739457	14
-108.954653178	33.6846595398	13
-108.91164501	33.6016277251	13
-108.868718526	33.5185789896	13
-108.825873541	33.4355138209	13
-108.783109872	33.3524327067	13
-108.740427335	33.2693361346	13
-108.697825746	33.1862245924	16
-108.655304921	33.1030985674	14
-108.61286468	33.019958547	14
-108.570504838	32.9368050186	14
-108.528225214	32.8536384692	14
-108.486025626	32.7704593859	14
-108.443905893	32.6872682557	14
-108.401865834	32.604065565	14
-108.359905268	32.5208518006	14
-108.318024014	32.4376274487	14
-108.276221893	32.3543929954	14
-108.234498725	32.2711489266	15
-108.19285433	32.1878957281	15
-108.15128853	32.1046338853	12
-108.109801146	32.0213638832	12
-108.068392	31.9380862069	12
-108.027060913	31.8548013409	12
-107.985807708	31.7715097696	11
-107.944632207	31.6882119769	8
-107.903534235	31.6049084466	8
-107.862513614	31.521599662	8
-107.821570168	31.4382861061	9
-107.78070372	31.3549682615	9
-107.739914097	31.2716466105	9
-107.699201121	31.1883216349	9
-107.65856462	31.1049938163	9
-107.618004417	31.0216636356	9
-107.577520339	30.9383315735	9
-107.537112212	30.8549981102	9
-107.496779863	30.7716637254	9
-107.456523118	30.6883288983	11
-107.416341805	30.6049941078	11
-107.376235751	30.5216598321	11
-107.336204785	30.438326549	11
-107.296248734	30.3549947358	11
-107.256367427	30.2716648692	11
-107.216560694	30.1883374253	11
-107.176828363	30.1050128799	11
-107.137170265	30.021691708	11
-107.097586229	29.9383743841	11
-107.058076085	29.855061382	11
-107.018639666	29.771753175	11
-106.9792768	29.6884502359	11
-106.939987321	29.6051530366	11
-106.90077106	29.5218620484	11
-106.861627849	29.4385777423	11
-106.822557521	29.3553005881	10
-106.783559907	29.2720310553	9
-106.744634843	29.1887696125	9
-106.705782161	29.1055167278	9
-106.667001695	29.0222728684	9
-106.628293279	28.9390385009	9
-106.589656749	28.855814091	10
-106.551091938	28.7726001037	10
-106.512598683	28.6893970034	10
-106.474176819	28.6062052534	10
-106.435826182	28.5230253167	10
-106.397546609	28.4398576549	11
-106.359337936	28.3567027293	11
-106.3212	28.273561	11
-106.266887945	28.1981819021	11
-106.212645611	28.1227718547	11
-106.158472961	28.0473313121	11
-106.104369958	27.9718607289	11
-106.050336563	27.8963605604	11
-105.996372739	27.8208312617	11
-105.942478446	27.7452732885	12
-105.888653646	27.6696870968	10
-105.834898299	27.5940731429	11
-105.781212365	27.5184318834	11
-105.727595803	27.4427637749	11
-105.674048574	27.3670692746	11
-105.620570636	27.2913488397	11
-105.567161948	27.2156029278	10
-105.513822467	27.1398319966	10
-105.460552152	27.0640365039	10
-105.407350961	26.9882169081	11
-105.354218849	26.9123736672	11
-105.301155775	26.8365072397	11
-105.248161694	26.7606180843	11
-105.195236563	26.6847066597	11
-105.142380337	26.6087734246	11
-105.089592971	26.5328188381	11
-105.036874421	26.4568433591	11
-104.984224641	26.3808474469	11
-104.931643585	26.3048315605	11
-104.879131207	26.2287961593	11
-104.826687461	26.1527417024	11
-104.7743123	26.0766686493	11
-104.722005677	26.0005774592	9
-104.669767545	25.9244685914	9
-104.617597855	25.8483425053	10
-104.56549656	25.7721996602	11
-104.513463611	25.6960405153	12
-104.46149896	25.6198655297	10
-104.409602557	25.5436751627	9
-104.357774353	25.4674698733	10
-104.306014299	25.3912501204	10
-104.254322344	25.3150163628	9
-104.202698438	25.2387690595	9
-104.15114253	25.1625086688	9
-104.09965457	25.0862356494	9
-104.048234506	25.0099504595	12
-103.996882287	24.9336535573	11
-103.945597861	24.8573454007	10
-103.894381175	24.7810264475	11
-103.843232177	24.7046971552	9
-103.792150815	24.6283579811	9
-103.741137036	24.5520093825	9
-103.690190786	24.475651816	10
-103.639312011	24.3992857384	9
-103.588500658	24.3229116059	9
-103.537756672	24.2465298745	9
-103.48708	24.170141	9
-103.427850332	24.0982608289	9
-103.368679812	24.0263489876	9
-103.309568478	23.9544059229	9
-103.250516367	23.882432082	9
-103.191523515	23.8104279127	9
-103.132589958	23.738393863	9
-103.073715731	23.6663303812	9
-103.014900868	23.5942379164	9
-102.956145404	23.5221169176	9
-102.897449372	23.4499678343	9
-102.838812806	23.3777911166	9
-102.780235736	23.3055872144	9
-102.721718195	23.2333565785	9
-102.663260215	23.1610996594	9
-102.604861825	23.0888169084	9
-102.546523057	23.0165087768	9
-102.488243939	22.9441757161	9
-102.4300245	22.8718181782	10
-102.371864769	22.7994366151	10
-102.313764774	22.7270314792	10
-102.255724542	22.6546032229	10
-102.197744099	22.5821522988	9
-102.139823473	22.5096791599	12
-102.081962688	22.437184259	12
-102.02416177	22.3646680493	12
-101.966420744	22.292130984	12
-101.908739633	22.2195735166	10
-101.851118461	22.1469961005	10
-101.793557252	22.0743991893	10
-101.736056026	22.0017832366	10
-101.678614807	21.9291486961	10
-101.621233616	21.8564960216	10
-101.563912474	21.7838256669	10
-101.5066514	21.7111380857	9
-101.449450416	21.6384337319	8
-101.39230954	21.5657130592	8
-101.33522879	21.4929765216	8
-101.278208186	21.4202245726	9
-101.221247745	21.347457666	9
-101.164347484	21.2746762554	9
-101.107507421	21.2018807945	9
-101.05072757	21.1290717366	9
-100.994007948	21.0562495352	9
-100.937348571	20.9834146435	9
-100.880749452	20.9105675146	8
-100.824210607	20.8377086015	8
-100.767732048	20.764838357	8
-100.711313789	20.6919572338	8
-100.654955843	20.6190656843	8
-100.598658221	20.5461641609	9
-100.542420937	20.4732531155	9
-100.486244	20.400333	9
-100.410897689	20.3459212503	11
-100.335598606	20.2914729994	12
-100.260346966	20.2369886198	12
-100.185142984	20.1824684851	12
-100.109986873	20.1279129689	12
-100.034878846	20.0733224458	12
-99.9598191149	20.0186972908	11
-99.8848078903	19.9640378793	11
-99.8098453822	19.9093445873	11
-99.7349317995	19.8546177914	11
-99.6600673502	19.7998578686	11
-99.5852522413	19.7450651963	12
-99.510486679	19.6902401525	11
-99.4357708684	19.6353831155	12
-99.3611050138	19.5804944643	12
-99.2864893184	19.525574578	13
-99.2119239844	19.4706238363	14
-99.1374092134	19.4156426194	13
-99.0629452056	19.3606313076	12
-98.9885321605	19.3055902817	13
-98.9141702766	19.2505199231	12
-98.8398597513	19.1954206132	12
-98.7656007813	19.140292734	14
-98.6913935621	19.0851366675	15
-98.6172382883	19.0299527964	13
-98.5431351536	18.9747415035	13
-98.4690843507	18.9195031718	12
-98.3950860712	18.8642381848	10
-98.3211405059	18.808946926	10
-98.2472478446	18.7536297793	10
-98.173408276	18.698287129	10
-98.099621988	18.6429193592	9
-98.0258891674	18.5875268547	9
-97.95221	18.53211	9
-97.8631978799	18.5040332795	9
-97.7742055251	18.4759119658	9
-97.6852333584	18.4477462625	9
-97.5962818017	18.4195363742	9
-97.5073512766	18.3912825066	8
-97.418442204	18.3629848661	10
-97.329555004	18.3346436603	10
-97.2406900964	18.3062590974	11
-97.1518479	18.2778313868	11
-97.0630288334	18.2493607388	11
-96.974233314	18.2208473643	11
-96.885461759	18.1922914755	12
-96.7967145847	18.1636932851	11
-96.7079922066	18.1350530071	12
-96.6192950398	18.106370856	12
-96.5306234983	18.0776470474	16
-96.4419779957	18.0488817975	15
-96.3533589446	18.0200753237	14
-96.2647667571	17.991227844	14
-96.1762018443	17.9623395772	14
-96.0876646168	17.9334107432	16
-95.999155484	17.9044415623	16
-95.9106748549	17.8754322559	16
-95.8222231376	17.8463830462	16
-95.7338007392	17.817294156	18
-95.6454080662	17.7881658091	17
-95.5570455241	17.75899823	18
-95.4687135175	17.7297916437	18
-95.3804124505	17.7005462765	19
-95.2921427259	17.6712623549	19
-95.2039047458	17.6419401065	19
-95.1156989115	17.6125797595	19
-95.0275256232	17.5831815428	19
-94.9393852804	17.5537456859	18
-94.8512782814	17.5242724194	18
-94.7632050239	17.4947619742	18
-94.6751659045	17.465214582	17
-94.5871613187	17.4356304752	20
-94.4991916613	17.4060098869	19
-94.4112573259	17.3763530508	17
-94.3233587054	17.3466602013	16
-94.2354961913	17.3169315734	17
-94.1476701746	17.2871674027	15
-94.0598810448	17.2573679256	15
-93.9721291907	17.2275333789	15
-93.884415	17.197664	14
-93.8017858204	17.1564160305	13
-93.7191881853	17.1151318928	13
-93.6366224197	17.0738118808	14
-93.5540888479	17.032456289	14
-93.4715877933	16.9910654129	14
-93.3891195787	16.9496395483	15
-93.3066845259	16.9081789919	14
-93.224282956	16.8666840408	14
-93.1419151893	16.8251549929	17
-93.0595815452	16.7835921466	15
-92.9772823424	16.741995801	13
-92.8950178987	16.7003662558	14
-92.8127885309	16.658703811	12
-92.7305945551	16.6170087676	12
-92.6484362867	16.5752814269	13
-92.56631404	16.5335220907	11
-92.4842281284	16.4917310615	11
-92.4021788647	16.4499086423	13
-92.3201665605	16.4080551364	11
-92.2381915268	16.3661708479	10
-92.1562540735	16.3242560813	10
-92.0743545097	16.2823111415	10
-91.9924931436	16.2403363338	7
-91.9106702824	16.1983319643	8
-91.8288862325	16.1562983391	8
-91.7471412993	16.1142357652	9
-91.6654357873	16.0721445496	9
-91.58377	16.030025	10
-91.4987665589	15.9932317681	8
-91.4137894274	15.9564029833	15
-91.3288389671	15.9195389132	15
-91.2439155387	15.8826398261	25
-91.1590195023	15.8457059912	18
-91.0741512172	15.8087376782	16
-90.989311042	15.7717351574	17
-90.9044993347	15.7346987	17
-90.8197164523	15.6976285775	16
-90.7349627513	15.6605250625	16
-90.6502385873	15.6233884278	17
-90.5655443152	15.5862189472	19
-90.4808802891	15.5490168947	21
-90.3962468624	15.5117825453	20
-90.3116443876	15.4745161743	25
-90.2270732164	15.4372180578	25
-90.1425336997	15.3998884722	25
-90.0580261877	15.3625276948	23
-89.9735510297	15.3251360031	22
-89.8891085742	15.2877136755	19
-89.8046991687	15.2502609907	19
-89.7203231601	15.2127782279	21
-89.6359808943	15.1752656669	25
-89.5516727164	15.137723588	22
-89.4673989705	15.1001522719	21
-89.38316	15.062552	19
-89.292367746	15.0509744993	24
-89.2015803972	15.0393602861	24
-89.1107984091	15.0277094434	24
-89.020022237	15.0160220545	31
-88.929252336	15.0042982038	33
-88.838489161	14.9925379764	21
-88.7477331668	14.9807414582	18
-88.6569848079	14.9689087359	18
-88.5662445385	14.957039897	18
-88.4755128127	14.9451350297	18
-88.3847900843	14.9331942231	19
-88.2940768068	14.9212175671	19
-88.2033734333	14.9092051522	23
-88.1126804169	14.8971570698	23
-88.0219982102	14.885073412	24
-87.9313272654	14.8729542718	24
-87.8406680345	14.8607997427	23
-87.7500209691	14.8486099193	20
-87.6593865204	14.8363848966	20
-87.5687651393	14.8241247706	20
-87.4781572764	14.8118296379	19
-87.3875633815	14.7994995961	19
-87.2969839044	14.7871347431	19
-87.2064192943	14.7747351778	20
-87.11587	14.762301	20
-87.0355729413	14.7208626675	19
-86.9553029929	14.6793949261	19
-86.8750604562	14.6378980601	18
-86.7948456316	14.596372354	18
-86.7146588192	14.5548180932	18
-86.6345003181	14.5132355633	19
-86.554370427	14.4716250506	19
-86.4742694439	14.4299868417	19
-86.3941976661	14.3883212238	19
-86.3141553901	14.3466284846	19
-86.2341429121	14.304908912	19
-86.1541605271	14.2631627945	19
-86.0742085298	14.2213904212	19
-85.9942872141	14.1795920814	18
-85.9143968731	14.1377680648	20
-85.8345377993	14.0959186616	19
-85.7547102844	14.0540441624	19
-85.6749146195	14.0121448582	23
-85.5951510948	13.9702210401	23
-85.51542	13.928273	22
-85.4871651524	13.8422752537	24
-85.458930006	13.7562706433	26
-85.4307145539	13.6702596185	30
-85.4025187891	13.5842426289	29
-85.3743427047	13.4982201244	28
-85.3461862936	13.412192555	27
-85.318049549	13.3261603705	25
-85.2899324636	13.2401240211	25
-85.2618350306	13.1540839567	24
-85.2337572427	13.0680406274	26
-85.2056990929	12.9819944833	27
-85.177660574	12.8959459745	23
-85.1496416787	12.809895551	23
-85.1216424	12.7238436629	23
-85.0936627306	12.6377907602	23
-85.0657026632	12.5517372927	25
-85.0377621905	12.4656837103	24
-85.0098413052	12.3796304629	25
-84.98194	12.293578	23
-84.9502873039	12.2083608611	23
-84.9186537062	12.1231366959	20
-84.8870392089	12.0379059588	22
-84.8554438139	11.9526691044	22
-84.8238675232	11.8674265872	21
-84.7923103385	11.7821788621	21
-84.7607722617	11.6969263838	21
-84.7292532945	11.6116696072	24
-84.6977534386	11.5264089871	23
-84.6662726956	11.4411449783	25
-84.6348110672	11.3558780359	30
-84.6033685549	11.2706086146	33
-84.5719451602	11.1853371694	35
-84.5405408846	11.1000641549	36
-84.5091557294	11.0147900261	38
-84.477789696	10.9295152376	39
-84.4464427858	10.8442402441	39
-84.415115	10.7589655	40
-84.3571415595	10.6878729808	46
-84.2991933628	10.6167674393	46
-84.2412705121	10.5456493117	51
-84.183373109	10.4745190342	54
-84.1255012548	10.4033770433	58
-84.0676550507	10.3322237757	66
-84.0098345975	10.261059668	67
-83.9520399957	10.1898851571	65
-83.8942713454	10.1187006799	56
-83.8365287466	10.0475066734	42
-83.7788122989	9.97630357463	70
-83.7211221015	9.90509182076	70
-83.6634582535	9.83387184892	71
-83.6058208536	9.76264409627	67
-83.54821	9.691409	39
-83.4786317382	9.638664647	19
-83.4090736455	9.58590514749	18
-83.339535918	9.53313082332	18
-83.2700187517	9.48034199657	17
-83.2005223419	9.42753898951	22
-83.1310468839	9.3747221246	22
-83.0615925722	9.32189172449	20
-82.9921596013	9.26904811199	20
-82.9227481652	9.21619161009	20
-82.8533584575	9.16332254192	19
-82.7839906715	9.11044123076	19
-82.714645	9.057548	30
-82.6284131857	9.01873737284	28
-82.542197616	8.97990562092	37
-82.4559986766	8.9410530422	39
-82.3698167528	8.90217993509	58
-82.2836522294	8.86328659843	70
-82.1975054907	8.82437333146	69
-82.1113769206	8.78544043383	69
-82.0252669026	8.74648820556	42
-81.9391758194	8.70751694709	45
-81.8531040534	8.66852695919	35
-81.7670519865	8.629518543	35
-81.68102	8.590492	36
-81.590104398	8.59666426925	36
-81.4991838158	8.60281535269	35
-81.408258711	8.60894520246	42
-81.3173295413	8.61505377115	43
-81.2263967643	8.62114101184	43
-81.1354608381	8.62720687806	43
-81.0445222206	8.63325132386	45
-80.9535813699	8.63927430373	42
-80.862638744	8.64527577265	40
-80.7716948014	8.65125568609	41
-80.68075	8.657214	49
-80.6008274043	8.70733042044	59
-80.5208816904	8.75743122215	59
-80.4409131597	8.807516035	58
-80.360922114	8.85758448908	53
-80.280908856	8.90763621475	55
-80.2008736884	8.95767084266	53
-80.1208169148	9.00768800374	57
-80.0407388391	9.05768732923	58
-79.9606397659	9.10766845068	55
-79.88052	9.157631	60
-79.7916495654	9.19104666456	60
-79.7027614073	9.22444094861	60
-79.6138559482	9.25781358782	58
-79.5249336114	9.29116431832	68
-79.4359948207	9.32449287669	73
-79.34704	9.357799	71
-79.2569563575	9.33121197116	71
-79.1668845678	9.30460172636	68
-79.0768250735	9.27796847312	63
-78.9867783171	9.25131241945	64
-78.8967447407	9.22463377388	59
-78.8067247857	9.19793274542	48
-78.7167188936	9.17120954358	48
-78.6267275051	9.14446437835	48
-78.5367510606	9.11769746018	47
-78.44679	9.090909	46
-78.3769559455	9.0272866437	46
-78.307144844	8.96364956615	45
-78.2373568914	8.89999820689	46
-78.1675922832	8.83633300566	46
-78.0978512144	8.77265440244	46
-78.0281338797	8.70896283735	45
-77.9584404732	8.64525875071	48
-77.8887711888	8.58154258299	48
-77.8191262199	8.51781477479	49
-77.7495057595	8.45407576685	50
-77.67991	8.390326	51
-77.6280620398	8.31700191024	49
-77.5762312008	8.24366788685	49
-77.5244175591	8.17032434912	49
-77.472621191	8.09697171647	48
-77.4208421725	8.02361040847	53
-77.3690805793	7.95024084479	53
-77.3173364871	7.87686344521	71
-77.2656099715	7.80347862962	57
-77.2139011076	7.73008681796	63
-77.1622099708	7.65668843027	56
-77.1105366359	7.58328388663	56
-77.0588811778	7.50987360715	56
-77.0072436711	7.43645801199	55
-76.9556241903	7.36303752133	55
-76.9040228098	7.28961255532	54
-76.8524396037	7.21618353414	55
-76.8008746459	7.14275087794	51
-76.7493280103	7.06931500681	52
-76.6977997705	6.99587634083	45
-76.64629	6.9224353	45
-76.6358976948	6.83273617917	46
-76.6255085911	6.74303081802	49
-76.6151226879	6.65331966457	50
-76.6047399845	6.56360316704	52
-76.5943604802	6.47388177375	54
-76.583984174	6.3841559332	59
-76.5736110653	6.294426094	53
-76.5632411532	6.20469270489	56
-76.5528744369	6.11495621469	52
-76.5425109156	6.02521707232	51
-76.5321505885	5.93547572677	53
-76.5217934549	5.84573262709	53
-76.5114395139	5.75598822238	54
-76.5010887647	5.66624296176	54
-76.4907412065	5.5764972944	53
-76.4803968385	5.48675166944	51
-76.47005566	5.39700653603	53
-76.4597176701	5.30726234332	55
-76.449382868	5.21751954039	56
-76.4390512528	5.1277785763	60
-76.428722824	5.03803990004	58
-76.4183975805	4.94830396051	55
-76.4080755216	4.85857120656	53
-76.3977566465	4.76884208691	54
-76.3874409544	4.67911705018	54
-76.3771284445	4.58939654485	42
-76.3668191161	4.49968101928	37
-76.3565129681	4.40997092165	31
-76.34621	4.3202667	29
-76.370717497	4.23245483023	40
-76.3952211725	4.14463596264	30
-76.4197210183	4.05681055726	30
-76.4442170264	3.96897907429	25
-76.4687091888	3.88114197413	51
-76.4931974974	3.7932997173	40
-76.5176819442	3.7054527645	37
-76.5421625212	3.61760157653	24
-76.5666392202	3.52974661429	54
-76.5911120334	3.44188833883	42
-76.6155809527	3.35402721123	25
-76.6400459702	3.26616369268	10
-76.6645070777	3.1782982444	19
-76.6889642675	3.09043132767	13
-76.7134175314	3.00256340379	10
-76.7378668616	2.91469493409	10
-76.76231225	2.82682637988	17
-76.7867536888	2.73895820247	14
-76.81119117	2.65109086313	12
-76.8356246856	2.56322482311	9
-76.8600542279	2.47536054359	8
-76.8844797887	2.38749848569	8
-76.9089013603	2.29963911042	7
-76.9333189347	2.21178287872	3
-76.9577325041	2.12393025142	3
-76.9821420606	2.03608168921	2
-77.0065475963	1.94823765265	3
-77.0309491033	1.86039860213	4
-77.0553465738	1.7725649979	3
-77.07974	1.6847373	5
-77.0929305085	1.59585353239	7
-77.1061213713	1.50695960922	8
-77.1193125869	1.41805597093	8
-77.132504154	1.32914305822	12
-77.1456960711	1.24022131209	13
-77.158888337	1.15129117377	16
-77.1720809501	1.06235308478	16
-77.1852739092	0.973407486838	19
-77.1984672128	0.884454821904	21
-77.2116608596	0.795495532141	17
-77.2248548481	0.706530059911	20
-77.238049177	0.617558847758	21
-77.2512438449	0.528582338398	22
-77.2644388504	0.439600974702	17
-77.2776341921	0.350615199687	18
-77.2908298687	0.261625456501	24
-77.3040258787	0.172632188409	32
-77.3172222207	0.0836358387829	45
-77.3304188935	-0.00536314891569	52
-77.3436158955	-0.094364331145	55
-77.3568132254	-0.183367264298	57
-77.3700108818	-0.272371504715	63
-77.3832088634	-0.361376608698	65
-77.3964071686	-0.450382132521	75
-77.4096057962	-0.539387632445	77
-77.4228047448	-0.628392664733	78
-77.4360040129	-0.71739678566	87
-77.4492035992	-0.806399551526	88
-77.4624035023	-0.895400518672	81
-77.4756037207	-0.984399243491	85
-77.4888042532	-1.07339528244	86
-77.5020050983	-1.16238819206	86
-77.5152062546	-1.25137752898	89
-77.5284077208	-1.34036284993	92
-77.5416094954	-1.42934371177	93
-77.554811577	-1.51831967148	91
-77.5680139643	-1.60729028619	91
-77.5812166559	-1.69625511317	83
-77.5944196503	-1.7852137099	79
-77.6076229462	-1.87416563401	80
-77.6208265422	-1.96311044332	78
-77.634030437	-2.0520476959	77
-77.647234629	-2.14097695001	74
-77.6604391169	-2.22989776414	73
-77.6736438994	-2.31880969705	69
-77.686848975	-2.40771230776	69
-77.7000543423	-2.49660515555	66
-77.71326	-2.5854878	66
-77.70428528	-2.67380677976	62
-77.695308513	-2.76213312096	64
-77.6863296986	-2.85046639815	63
-77.6773488366	-2.93880618569	62
-77.6683659267	-3.02715205773	62
-77.6593809687	-3.11550358826	62
-77.6503939623	-3.20386035108	62
-77.6414049072	-3.29222191986	61
-77.6324138033	-3.38058786812	59
-77.6234206502	-3.46895776925	58
-77.6144254476	-3.55733119651	60
-77.6054281954	-3.64570772309	60
-77.5964288933	-3.73408692205	58
-77.587427541	-3.8224683664	53
-77.5784241382	-3.91085162906	52
-77.5694186847	-3.99923628289	52
-77.5604111803	-4.08762190074	51
-77.5514016247	-4.17600805541	51
-77.5423900176	-4.26439431966	49
-77.5333763588	-4.35278026628	53
-77.524360648	-4.44116546805	49
-77.5153428849	-4.52954949776	50
-77.5063230694	-4.61793192825	49
-77.4973012012	-4.70631233239	45
-77.4882772799	-4.7946902831	43
-77.4792513054	-4.88306535339	43
-77.4702232775	-4.97143711632	41
-77.4611931957	-5.05980514508	47
-77.45216106	-5.14816901292	42
-77.44312687	-5.23652829324	39
-77.4340906255	-5.32488255957	37
-77.4250523263	-5.41323138556	34
-77.4160119721	-5.50157434502	33
-77.4069695626	-5.58991101194	32
-77.3979250975	-5.67824096048	31
-77.3888785768	-5.76656376498	32
-77.37983	-5.854879	27
-77.3409994358	-5.93664689574	24
-77.3021525951	-6.01842208073	29
-77.2632895034	-6.10020410984	26
-77.2244101863	-6.1819925376	24
-77.1855146695	-6.26378691828	27
-77.1466029786	-6.34558680585	23
-77.1076751397	-6.42739175403	26
-77.0687311784	-6.50920131629	24
-77.029771121	-6.59101504585	19
-76.9907949933	-6.67283249573	25
-76.9518028215	-6.75465321872	18
-76.912794632	-6.83647676742	23
-76.8737704509	-6.91830269425	18
-76.8347303047	-7.00013055146	16
-76.7956742199	-7.08195989114	21
-76.756602223	-7.16379026524	18
-76.7175143407	-7.24562122559	22
-76.6784105996	-7.32745232389	18
-76.6392910266	-7.40928311175	24
-76.6001556485	-7.49111314068	19
-76.5610044924	-7.57294196213	17
-76.5218375852	-7.65476912748	21
-76.482654954	-7.73659418806	17
-76.4434566261	-7.81841669516	17
-76.4042426288	-7.90023620008	15
-76.3650129893	-7.98205225409	16
-76.3257677352	-8.06386440845	16
-76.286506894	-8.14567221448	14
-76.2472304933	-8.22747522351	17
-76.2079385607	-8.30927298691	12
-76.168631124	-8.39106505613	17
-76.1293082111	-8.47285098269	12
-76.0899698499	-8.55463031819	15
-76.0506160684	-8.63640261434	13
-76.0112468947	-8.71816742296	12
-75.9718623569	-8.79992429599	15
-75.9324624833	-8.88167278555	13
-75.8930473022	-8.96341244387	14
-75.853616842	-9.04514282336	15
-75.8141711313	-9.12686347665	19
-75.7747101985	-9.20857395651	14
-75.7352340723	-9.29027381597	11
-75.6957427814	-9.37196260824	15
-75.6562363547	-9.4536398868	12
-75.6167148211	-9.53530520537	17
-75.5771782094	-9.61695811792	13
-75.5376265487	-9.69859817872	18
-75.4980598682	-9.78022494232	15
-75.458478197	-9.86183796356	14
-75.4188815645	-9.94343679762	17
-75.37927	-10.025021	16
-75.3140257473	-10.088247425	18
-75.2487503753	-10.1514663555	21
-75.1834440312	-10.2146773886	23
-75.1181068628	-10.2778801219	21
-75.0527390183	-10.3410741526	22
-74.9873406464	-10.404259078	22
-74.9219118962	-10.4674344953	22
-74.8564529174	-10.5306000018	22
-74.7909638599	-10.5937551948	18
-74.7254448742	-10.6568996716	18
-74.6598961114	-10.7200330296	18
-74.5943177228	-10.7831548662	18
-74.5287098602	-10.8462647788	17
-74.463072676	-10.9093623651	17
-74.3974063228	-10.9724472226	18
-74.3317109539	-11.0355189491	19
-74.2659867228	-11.0985771424	19
-74.2002337837	-11.1616214007	17
-74.134452291	-11.224651322	15
-74.0686423996	-11.2876665047	14
-74.0028042649	-11.3506665471	13
-73.9369380428	-11.4136510481	13
-73.8710438893	-11.4766196064	12
-73.8051219612	-11.5395718211	13
-73.7391724155	-11.6025072915	13
-73.6731954098	-11.6654256171	13
-73.607191102	-11.7283263978	11
-73.5411596504	-11.7912092334	12
-73.4751012138	-11.8540737244	14
-73.4090159513	-11.9169194713	11
-73.3429040226	-11.9797460751	13
-73.2767655877	-12.0425531368	14
-73.2106008069	-12.1053402582	15
-73.1444098411	-12.1681070409	15
-73.0781928516	-12.2308530874	18
-73.01195	-12.293578	17
-72.9444213552	-12.3550659834	18
-72.876854255	-12.4165434217	14
-72.8092488546	-12.4780099128	13
-72.7416053099	-12.5394650548	9
-72.6739237773	-12.6009084454	10
-72.6062044138	-12.6623396828	10
-72.538447377	-12.7237583646	9
-72.4706528252	-12.785164089	8
-72.4028209172	-12.8465564539	8
-72.3349518124	-12.9079350572	11
-72.2670456709	-12.969299497	9
-72.1991026532	-13.0306493716	10
-72.1311229205	-13.091984279	9
-72.0631066346	-13.1533038177	9
-71.9950539579	-13.214607586	7
-71.9269650532	-13.2758951824	7
-71.8588400843	-13.3371662058	6
-71.7906792151	-13.3984202549	8
-71.7224826103	-13.4596569287	6
-71.6542504353	-13.5208758263	5
-71.5859828558	-13.5820765472	5
-71.5176800383	-13.6432586908	5
-71.4493421498	-13.7044218571	5
-71.3809693579	-13.7655656458	4
-71.3125618306	-13.8266896574	4
-71.2441197367	-13.8877934922	4
-71.1756432455	-13.9488767511	4
-71.1071325267	-14.0099390351	5
-71.0385877507	-14.0709799455	4
-70.9700090886	-14.1319990839	4
-70.9013967118	-14.1929960523	4
-70.8327507923	-14.253970453	4
-70.7640715029	-14.3149218886	4
-70.6953590166	-14.375849962	4
-70.6266135072	-14.4367542768	4
-70.5578351489	-14.4976344365	4
-70.4890241165	-14.5584900453	4
-70.4201805854	-14.6193207077	4
-70.3513047315	-14.6801260288	4
-70.2823967313	-14.7409056139	5
-70.2134567616	-14.8016590689	5
-70.144485	-14.862386	5
-70.0983759099	-14.9397533395	5
-70.052228083	-15.0171206481	5
-70.0060415306	-15.0944874915	6
-69.959816264	-15.1718534349	6
-69.9135522946	-15.2492180436	6
-69.8672496344	-15.3265808823	6
-69.8209082952	-15.4039415159	6
-69.7745282894	-15.4812995086	6
-69.7281096292	-15.5586544248	6
-69.6816523276	-15.6360058286	6
-69.6351563972	-15.7133532838	6
-69.5886218512	-15.7906963543	6
-69.542048703	-15.8680346035	6
-69.4954369662	-15.9453675949	6
-69.4487866545	-16.0226948919	6
-69.4020977819	-16.1000160578	6
-69.3553703627	-16.1773306556	6
-69.3086044114	-16.2546382485	6
-69.2617999428	-16.3319383993	6
-69.2149569716	-16.4092306711	6
-69.1680755132	-16.4865146267	6
-69.1211555828	-16.5637898291	6
-69.0741971962	-16.6410558409	6
-69.0272003691	-16.7183122251	5
-68.9801651178	-16.7955585445	4
-68.9330914585	-16.872794362	4
-68.8859794078	-16.9500192404	4
-68.8388289824	-17.0272327428	5
-68.7916401995	-17.1044344321	4
-68.7444130763	-17.1816238713	4
-68.6971476302	-17.2588006237	4
-68.6498438791	-17.3359642526	4
-68.602501841	-17.4131143212	4
-68.5551215339	-17.490250393	4
-68.5077029765	-17.5673720318	4
-68.4602461874	-17.6444788012	4
-68.4127511855	-17.7215702653	4
-68.36521799	-17.7986459881	4
-68.3176466204	-17.8757055339	4
-68.2700370962	-17.9527484673	3
-68.2223894374	-18.029774353	3
-68.1747036642	-18.1067827558	3
-68.126979797	-18.1837732411	3
-68.0792178563	-18.2607453741	3
-68.031417863	-18.3376987207	3
-67.9835798383	-18.4146328468	3
-67.9357038036	-18.4915473187	3
-67.8877897804	-18.5684417029	3
-67.8398377906	-18.6453155663	3
-67.7918478564	-18.7221684762	3
-67.74382	-18.799	3
-67.7483802878	-18.8884312093	3
-67.7529462099	-18.9778772037	3
-67.7575177767	-19.067337549	3
-67.7620949986	-19.1568118108	2
-67.766677886	-19.246299554	2
-67.7712664494	-19.3358003432	2
-67.7758606993	-19.4253137428	2
-67.7804606463	-19.5148393166	2
-67.7850663007	-19.6043766282	2
-67.7896776734	-19.6939252406	2
-67.7942947747	-19.7834847168	2
-67.7989176154	-19.8730546193	2
-67.8035462061	-19.9626345102	2
-67.8081805574	-20.0522239514	2
-67.8128206802	-20.1418225047	2
-67.817466585	-20.2314297312	2
-67.8221182827	-20.3210451922	2
-67.826775784	-20.4106684484	2
-67.8314390997	-20.5002990605	2
-67.8361082407	-20.5899365888	2
-67.8407832178	-20.6795805936	2
-67.845464042	-20.7692306348	2
-67.850150724	-20.8588862721	2
-67.854843275	-20.9485470653	2
-67.8595417057	-21.0382125738	2
-67.8642460273	-21.127882357	2
-67.8689562508	-21.217555974	2
-67.8736723872	-21.3072329839	2
-67.8783944475	-21.3969129458	2
-67.8831224429	-21.4865954184	3
-67.8878563846	-21.5762799606	3
-67.8925962836	-21.6659661312	3
-67.8973421512	-21.7556534889	3
-67.9020939985	-21.8453415922	3
-67.9068518369	-21.9350299998	3
-67.9116156776	-22.0247182703	3
-67.9163855319	-22.1144059624	3
-67.9211614111	-22.2040926347	2
-67.9259433266	-22.2937778457	2
-67.9307312897	-22.3834611542	1
-67.9355253119	-22.473142119	2
-67.9403254046	-22.5628202988	2
-67.9451315793	-22.6524952525	1
-67.9499438475	-22.742166539	2
-67.9547622207	-22.8318337176	2
-67.9595867105	-22.9214963472	1
-67.9644173285	-23.0111539873	0
-67.9692540862	-23.1008061974	0
-67.9740969953	-23.1904525369	0
-67.9789460675	-23.2800925658	0
-67.9838013145	-23.3697258439	0
-67.988662748	-23.4593519315	0
-67.9935303798	-23.5489703889	0
-67.9984042217	-23.6385807767	0
-68.0032842855	-23.7281826557	0
-68.008170583	-23.8177755869	0
-68.0130631261	-23.9073591318	0
-68.0179619268	-23.9969328518	1
-68.022866997	-24.0864963088	1
-68.0277783486	-24.1760490651	1
-68.0326959937	-24.2655906831	1
-68.0376199442	-24.3551207255	1
-68.0425502123	-24.4446387557	1
-68.04748681	-24.5341443369	1
-68.0524297496	-24.6236370331	1
-68.057379043	-24.7131164085	1
-68.0623347025	-24.8025820277	1
-68.0672967403	-24.8920334557	1
-68.0722651687	-24.9814702578	1
-68.07724	-25.070892	1
-68.0990699306	-25.1593114125	1
-68.120933611	-25.2477360298	1
-68.1428311133	-25.3361653922	1
-68.1647625094	-25.4245990399	1
-68.1867278718	-25.5130365127	1
-68.2087272729	-25.6014773504	1
-68.2307607854	-25.6899210922	1
-68.2528284821	-25.7783672775	1
-68.2749304362	-25.8668154453	1
-68.2970667209	-25.9552651343	1
-68.3192374096	-26.0437158832	1
-68.3414425758	-26.1321672306	1
-68.3636822935	-26.2206187148	1
-68.3859566366	-26.3090698739	1
-68.4082656792	-26.3975202462	1
-68.4306094958	-26.4859693696	1
-68.4529881609	-26.5744167821	1
-68.4754017492	-26.6628620214	1
-68.4978503357	-26.7513046254	0
-68.5203339955	-26.8397441317	0
-68.5428528039	-26.9281800781	0
-68.5654068365	-27.0166120022	0
-68.5879961689	-27.1050394418	1
-68.6106208771	-27.1934619344	1
-68.6332810371	-27.2818790177	1
-68.6559767253	-27.3702902295	1
-68.678708018	-27.4586951076	1
-68.7014749921	-27.5470931897	1
-68.7242777242	-27.6354840137	1
-68.7471162917	-27.7238671177	1
-68.7699907716	-27.8122420398	1
-68.7929012415	-27.900608318	1
-68.8158477789	-27.9889654908	1
-68.8388304619	-28.0773130966	1
-68.8618493684	-28.165650674	1
-68.8849045767	-28.2539777619	1
-68.9079961652	-28.3422938991	1
-68.9311242127	-28.430598625	1
-68.9542887979	-28.5188914787	1
-68.97749	-28.607172	1
-68.9921857824	-28.6964784499	1
-69.0069092304	-28.7857988652	1
-69.0216604201	-28.8751327973	1
-69.0364394281	-28.964479797	1
-69.0512463311	-29.0538394146	1
-69.0660812063	-29.1432112	1
-69.080944131	-29.2325947028	1
-69.0958351828	-29.3219894719	1
-69.1107544396	-29.4113950561	1
-69.1257019795	-29.5008110035	1
-69.1406778812	-29.5902368621	1
-69.1556822232	-29.6796721795	1
-69.1707150846	-29.7691165026	1
-69.1857765448	-29.8585693784	1
-69.2008666833	-29.9480303534	1
-69.21598558	-30.0374989737	1
-69.2311333152	-30.1269747852	1
-69.2463099692	-30.2164573334	1
-69.2615156228	-30.3059461638	1
-69.2767503571	-30.3954408213	1
-69.2920142534	-30.4849408507	1
-69.3073073934	-30.5744457967	1
-69.322629859	-30.6639552035	1
-69.3379817324	-30.7534686153	1
-69.3533630962	-30.842985576	1
-69.3687740332	-30.9325056293	1
-69.3842146265	-31.022028319	1
-69.3996849595	-31.1115531883	1
-69.4151851161	-31.2010797807	1
-69.4307151802	-31.2906076392	1
-69.4462752363	-31.3801363069	1
-69.4618653689	-31.4696653268	1
-69.4774856631	-31.5591942416	1
-69.4931362041	-31.6487225943	1
-69.5088170775	-31.7382499276	1
-69.5245283693	-31.827775784	1
-69.5402701656	-31.9172997062	1
-69.5560425531	-32.006821237	1
-69.5718456185	-32.0963399188	1
-69.5876794491	-32.1858552943	1
-69.6035441323	-32.2753669062	1
-69.6194397561	-32.3648742971	1
-69.6353664084	-32.4543770098	1
-69.6513241778	-32.5438745869	1
-69.6673131532	-32.6333665714	1
-69.6833334235	-32.7228525063	1
-69.6993850784	-32.8123319345	1
-69.7154682075	-32.9018043992	1
-69.731582901	-32.9912694437	1
-69.7477292494	-33.0807266113	2
-69.7639073434	-33.1701754458	2
-69.7801172742	-33.2596154908	2
-69.7963591332	-33.3490462902	2
-69.8126330123	-33.4384673882	2
-69.8289390036	-33.527878329	2
-69.8452771995	-33.6172786572	2
-69.861647693	-33.7066679177	2
-69.8780505771	-33.7960456553	2
-69.8944859456	-33.8854114155	2
-69.9109538921	-33.9747647436	1
-69.927454511	-34.0641051857	2
-69.9439878968	-34.1534322877	1
-69.9605541445	-34.2427455963	2
-69.9771533493	-34.3320446581	2
-69.993785607	-34.4213290202	2
-70.0104510135	-34.5105982302	2
-70.0271496651	-34.5998518358	2
-70.0438816588	-34.6890893853	2
-70.0606470914	-34.7783104272	2
-70.0774460606	-34.8675145107	2
-70.094278664	-34.956701185	2
-70.111145	-35.04587	2
-70.1179494721	-35.1363680517	2
-70.1247697731	-35.2268747978	2
-70.1316059582	-35.3173897839	2
-70.1384580827	-35.4079125553	2
-70.1453262022	-35.4984426573	2
-70.1522103725	-35.5889796348	2
-70.1591106499	-35.6795230323	2
-70.1660270908	-35.7700723945	2
-70.1729597516	-35.8606272655	2
-70.1799086895	-35.9511871895	2
-70.1868739616	-36.0417517104	2
-70.1938556253	-36.1323203718	2
-70.2008537383	-36.2228927176	2
-70.2078683587	-36.313468291	2
-70.2148995447	-36.4040466355	2
-70.2219473549	-36.4946272944	2
-70.229011848	-36.5852098108	2
-70.2360930832	-36.6757937278	2
-70.2431911198	-36.7663785885	2
-70.2503060175	-36.8569639359	2
-70.2574378361	-36.9475493128	2
-70.264586636	-37.0381342623	2
-70.2717524777	-37.1287183273	2
-70.2789354218	-37.2193010507	2
-70.2861355295	-37.3098819754	2
-70.2933528621	-37.4004606445	2
-70.3005874813	-37.4910366009	2
-70.3078394491	-37.5816093878	2
-70.3151088277	-37.6721785484	2
-70.3223956796	-37.7627436258	2
-70.3297000676	-37.8533041635	2
-70.337022055	-37.943859705	2
-70.3443617051	-38.0344097938	3
-70.3517190817	-38.1249539737	3
-70.3590942489	-38.2154917886	3
-70.3664872709	-38.3060227825	3
-70.3738982126	-38.3965464998	3
-70.3813271388	-38.4870624849	3
-70.3887741149	-38.5775702825	3
-70.3962392065	-38.6680694374	3
-70.4037224794	-38.7585594948	3
-70.411224	-38.84904	3
-70.4250954575	-38.9385233759	2
-70.4390033139	-39.0280137513	4
-70.452947711	-39.1175106745	4
-70.4669287914	-39.2070136934	4
-70.4809466983	-39.2965223558	3
-70.4950015758	-39.3860362093	3
-70.5090935685	-39.4755548009	3
-70.5232228221	-39.5650776777	3
-70.5373894827	-39.6546043865	3
-70.5515936974	-39.744134474	3
-70.5658356139	-39.8336674864	2
-70.5801153807	-39.92320297	2
-70.5944331473	-40.0127404709	2
-70.6087890636	-40.1022795349	2
-70.6231832806	-40.191819708	2
-70.6376159499	-40.2813605356	2
-70.6520872239	-40.3709015633	2
-70.6665972558	-40.4604423367	2
-70.6811461999	-40.5499824009	2
-70.6957342108	-40.6395213014	2
-70.7103614442	-40.7290585833	2
-70.7250280567	-40.8185937918	2
-70.7397342056	-40.9081264721	2
-70.7544800489	-40.9976561692	2
-70.7692657457	-41.0871824284	2
-70.7840914557	-41.1767047946	2
-70.7989573397	-41.2662228132	2
-70.813863559	-41.3557360291	2
-70.8288102762	-41.4452439878	2
-70.8437976543	-41.5347462344	2
-70.8588258575	-41.6242423143	2
-70.8738950508	-41.713731773	2
-70.8890053999	-41.8032141559	2
-70.9041570717	-41.8926890088	2
-70.9193502337	-41.9821558773	2
-70.9345850543	-42.0716143074	2
-70.9498617032	-42.1610638452	2
-70.9651803505	-42.2505040369	2
-70.9805411674	-42.3399344288	2
-70.9959443263	-42.4293545676	2
-71.01139	-42.518764	2
-71.0206490254	-42.6069910351	2
-71.0299349589	-42.6952234293	2
-71.0392479175	-42.7834607575	2
-71.0485880188	-42.8717025945	2
-71.0579553811	-42.959948515	2
-71.0673501235	-43.0481980936	2
-71.0767723657	-43.1364509045	2
-71.086222228	-43.224706522	2
-71.0956998317	-43.3129645202	2
-71.1052052985	-43.401224473	2
-71.1147387509	-43.4894859545	2
-71.1243003122	-43.5777485383	2
-71.1338901064	-43.6660117982	2
-71.1435082581	-43.7542753078	2
-71.1531548928	-43.8425386408	2
-71.1628301366	-43.9308013708	2
-71.1725341164	-44.0190630712	2
-71.18226696	-44.1073233156	2
-71.1920287956	-44.1955816776	2
-71.2018197525	-44.2838377307	2
-71.2116399606	-44.3720910483	2
-71.2214895505	-44.4603412042	2
-71.2313686539	-44.548587772	2
-71.2412774028	-44.6368303252	2
-71.2512159305	-44.7250684378	2
-71.2611843706	-44.8133016834	2
-71.271182858	-44.9015296361	2
-71.2812115279	-44.98975187	2
-71.2912705167	-45.077967959	2
-71.3013599614	-45.1661774775	2
-71.31148	-45.25438	2
-71.3224634114	-45.3429482598	2
-71.3334819596	-45.4315212243	2
-71.3445358128	-45.5200984606	2
-71.35562514	-45.6086795357	2
-71.3667501114	-45.6972640163	2
-71.3779108984	-45.7858514692	2
-71.3891076733	-45.8744414608	2
-71.4003406097	-45.9630335575	2
-71.411609882	-46.0516273254	1
-71.4229156661	-46.1402223306	1
-71.4342581387	-46.2288181392	1
-71.4456374779	-46.317414317	1
-71.4570538628	-46.4060104299	1
-71.4685074737	-46.4946060436	1
-71.479998492	-46.5832007239	1
-71.4915271004	-46.6717940363	1
-71.5030934826	-46.7603855466	1
-71.5146978238	-46.8489748202	1
-71.52634031	-46.937561423	1
-71.5380211288	-47.0261449203	1
-71.5497404687	-47.114724878	1
-71.5614985197	-47.2033008615	1
-71.5732954728	-47.2918724368	1
-71.5851315206	-47.3804391694	1
-71.5970068565	-47.4690006252	1
-71.6089216756	-47.5575563701	1
-71.620876174	-47.6461059701	1
-71.6328705492	-47.7346489914	1
-71.644905	-47.823185	1
-71.6355768252	-47.9135282496	1
-71.626215506	-48.0038757084	1
-71.6168208659	-48.0942269198	1
-71.6073927272	-48.1845814277	1
-71.5979309109	-48.2749387752	1
-71.5884352368	-48.3652985058	1
-71.5789055233	-48.4556601625	1
-71.5693415877	-48.5460232885	1
-71.5597432457	-48.6363874265	1
-71.5501103119	-48.7267521195	1
-71.5404425995	-48.8171169103	1
-71.5307399204	-48.9074813415	1
-71.5210020852	-48.9978449559	1
-71.5112289028	-49.088207296	1
-71.5014201812	-49.1785679046	1
-71.4915757266	-49.2689263241	1
-71.4816953441	-49.3592820973	1
-71.4717788372	-49.4496347668	1
-71.461826008	-49.5399838753	1
-71.4518366572	-49.6303289654	1
-71.4418105839	-49.7206695801	1
-71.4317475861	-49.8110052621	1
-71.4216474598	-49.9013355544	1
-71.41151	-49.99166	1
-71.3638857313	-50.0753189002	1
-71.3160919956	-50.1589635076	1
-71.2681279536	-50.2425932879	1
-71.2199927611	-50.3262077061	1
-71.1716855685	-50.4098062263	1
-71.1232055215	-50.4933883118	1
-71.0745517603	-50.576953425	1
-71.0257234201	-50.6605010276	1
-70.976719631	-50.7440305805	1
-70.9275395176	-50.8275415438	1
-70.8781821995	-50.9110333768	1
-70.8286467909	-50.994505538	1
-70.7789324005	-51.0779574851	1
-70.7290381318	-51.1613886751	1
-70.6789630829	-51.2447985643	1
-70.6287063464	-51.3281866081	1
-70.5782670095	-51.4115522614	1
-70.5276441536	-51.494894978	1
-70.476836855	-51.5782142113	1
-70.425844184	-51.6615094139	1
-70.3746652056	-51.7447800375	1
-70.323298979	-51.8280255333	1
-70.2717445577	-51.9112453517	1
-70.2200009894	-51.9944389426	1
-70.1680673162	-52.0776057548	1
-70.1159425743	-52.1607452367	0
-70.063625794	-52.2438568361	0
-70.011116	-52.32694	0
