-117.824394	69	8
-117.818500008	68.910473844	8
-117.812652827	68.8209358729	8
-117.806851904	68.7313865243	8
-117.80109669	68.6418262366	8
-117.795386649	68.5522554481	8
-117.789721249	68.4626745976	8
-117.784099971	68.373084124	8
-117.778522301	68.2834844665	8
-117.772987733	68.1938760646	8
-117.76749577	68.1042593579	8
-117.762045921	68.0146347862	8
-117.756637705	67.9250027896	8
-117.751270646	67.8353638084	8
-117.745944276	67.7457182829	8
-117.740658134	67.6560666538	8
-117.735411767	67.5664093616	9
-117.730204727	67.4767468473	9
-117.725036574	67.3870795518	10
-117.719906874	67.2974079162	10
-117.714815199	67.2077323816	10
-117.709761128	67.1180533892	11
-117.704744247	67.0283713805	11
-117.699764146	66.9386867967	11
-117.694820422	66.8490000793	11
-117.689912679	66.7593116697	11
-117.685040525	66.6696220094	12
-117.680203574	66.5799315399	12
-117.675401447	66.4902407027	12
-117.670633768	66.4005499391	12
-117.665900168	66.3108596907	12
-117.661200284	66.2211703989	12
-117.656533757	66.1314825049	12
-117.651900232	66.0417964501	12
-117.647299361	65.9521126755	12
-117.6427308	65.8624316224	12
-117.63819421	65.7727537318	12
-117.633689256	65.6830794444	12
-117.629215609	65.593409201	12
-117.624772944	65.5037434423	12
-117.620360939	65.4140826087	12
-117.61597928	65.3244271404	12
-117.611627653	65.2347774776	12
-117.607305751	65.1451340602	12
-117.60301327	65.0554973279	12
-117.598749912	64.9658677201	12
-117.594515381	64.8762456761	12
-117.590309385	64.786631635	12
-117.586131638	64.6970260355	12
-117.581981855	64.6074293161	12
-117.577859756	64.5178419149	12
-117.573765067	64.42826427	12
-117.569697513	64.3386968189	12
-117.565656827	64.249139999	12
-117.561642744	64.1595942471	12
-117.557655	64.07006	12
-117.554064828	63.9795717	12
-117.550497454	63.8890742707	11
-117.546952664	63.7985681635	11
-117.543430243	63.7080538298	11
-117.539929981	63.6175317215	11
-117.536451668	63.5270022904	11
-117.532995099	63.4364659887	11
-117.52956007	63.3459232689	11
-117.526146382	63.2553745835	11
-117.522753835	63.1648203852	11
-117.519382235	63.0742611268	11
-117.516031387	62.9836972615	11
-117.512701101	62.8931292423	11
-117.509391188	62.8025575226	11
-117.506101461	62.7119825555	11
-117.502831737	62.6214047947	11
-117.499581834	62.5308246936	11
-117.496351572	62.4402427057	11
-117.493140773	62.3496592848	11
-117.489949263	62.2590748844	11
-117.486776867	62.1684899583	11
-117.483623415	62.0779049601	11
-117.480488738	61.9873203434	11
-117.477372668	61.896736562	11
-117.47427504	61.8061540695	10
-117.471195692	61.7155733193	10
-117.468134461	61.6249947651	10
-117.465091188	61.5344188602	10
-117.462065717	61.4438460581	10
-117.45905789	61.3532768118	11
-117.456067554	61.2627115746	11
-117.453094558	61.1721507994	11
-117.45013875	61.0815949392	12
-117.447199982	60.9910444465	12
-117.444278107	60.9004997739	12
-117.441372981	60.8099613739	12
-117.438484458	60.7194296984	12
-117.435612398	60.6289051995	12
-117.43275666	60.5383883288	12
-117.429917106	60.4478795379	12
-117.427093598	60.357379278	12
-117.424286	60.266888	12
-117.411416656	60.1769574361	12
-117.398615535	60.0870111164	12
-117.385882097	59.9970494936	12
-117.373215809	59.9070730208	12
-117.36061614	59.8170821514	12
-117.348082569	59.7270773393	12
-117.335614578	59.6370590384	12
-117.323211654	59.547027703	12
-117.310873292	59.4569837876	12
-117.298598988	59.366927747	12
-117.286388247	59.2768600363	12
-117.274240577	59.1867811107	13
-117.262155493	59.0966914257	13
-117.250132512	59.0065914368	13
-117.238171158	58.9164816	13
-117.22627096	58.8263623713	13
-117.21443145	58.7362342069	13
-117.202652167	58.6460975631	13
-117.190932654	58.5559528963	13
-117.179272457	58.4658006632	13
-117.167671129	58.3756413205	13
-117.156128225	58.285475325	13
-117.144643306	58.1953031336	13
-117.133215938	58.1051252032	13
-117.121845689	58.014941991	13
-117.110532134	57.924753954	13
-117.09927485	57.8345615494	13
-117.08807342	57.7443652342	13
-117.07692743	57.6541654658	13
-117.065836469	57.5639627012	14
-117.054800132	57.4737573977	14
-117.043818018	57.3835500123	14
-117.032889729	57.2933410023	14
-117.02201487	57.2031308246	14
-117.011193052	57.1129199362	14
-117.000423888	57.0227087941	14
-116.989706995	56.9324978551	14
-116.979041996	56.842287576	14
-116.968428514	56.7520784134	14
-116.957866177	56.6618708237	14
-116.947354619	56.5716652635	14
-116.936893473	56.4814621887	14
-116.92648238	56.3912620556	14
-116.91612098	56.3010653201	14
-116.905808921	56.2108724377	14
-116.895545851	56.120683864	14
-116.885331423	56.0305000543	14
-116.875165291	55.9403214636	14
-116.865047116	55.8501485467	14
-116.854976559	55.7599817583	14
-116.844953285	55.6698215526	13
-116.834976963	55.5796683836	13
-116.825047265	55.489522705	13
-116.815163864	55.3993849704	13
-116.805326438	55.3092556328	13
-116.795534668	55.219135145	13
-116.785788238	55.1290239594	14
-116.776086833	55.0389225282	15
-116.766430143	54.9488313032	15
-116.756817861	54.8587507355	15
-116.74724968	54.7686812763	16
-116.737725299	54.6786233761	16
-116.728244418	54.5885774851	16
-116.718806741	54.4985440529	16
-116.709411972	54.4085235288	16
-116.700059822	54.3185163617	16
-116.69075	54.228523	16
-116.65697798	54.1414038207	16
-116.623340133	54.05425542	16
-116.589835684	53.9670782784	16
-116.556463863	53.8798728764	15
-116.523223907	53.7926396949	15
-116.490115058	53.7053792147	15
-116.457136564	53.6180919168	15
-116.424287678	53.5307782825	15
-116.39156766	53.4434387932	15
-116.358975773	53.3560739301	15
-116.326511288	53.268684175	14
-116.29417348	53.1812700095	15
-116.261961628	53.0938319153	15
-116.22987502	53.0063703743	15
-116.197912945	52.9188858684	15
-116.166074701	52.8313788797	15
-116.134359587	52.7438498902	15
-116.102766912	52.656299382	15
-116.071295986	52.5687278372	15
-116.039946125	52.4811357381	15
-116.008716651	52.3935235668	15
-115.977606891	52.3058918057	15
-115.946616176	52.2182409368	15
-115.915743841	52.1305714424	15
-115.884989227	52.0428838048	15
-115.854351681	51.955178506	15
-115.823830552	51.8674560283	15
-115.793425195	51.7797168538	15
-115.763134969	51.6919614644	15
-115.73295924	51.6041903421	15
-115.702897375	51.516403969	15
-115.672948748	51.4286028267	15
-115.643112737	51.3407873969	15
-115.613388723	51.2529581614	15
-115.583776093	51.1651156017	15
-115.554274238	51.077260199	15
-115.524882553	50.9893924346	15
-115.495600437	50.9015127897	15
-115.466427294	50.8136217451	15
-115.437362533	50.7257197816	16
-115.408405564	50.6378073799	16
-115.379555804	50.5498850203	15
-115.350812673	50.461953183	14
-115.322175596	50.3740123481	14
-115.293644002	50.2860629953	14
-115.265217321	50.1981056041	14
-115.236894991	50.1101406539	14
-115.208676452	50.0221686238	14
-115.180561148	49.9341899924	14
-115.152548527	49.8462052384	14
-115.124638041	49.75821484	14
-115.096829145	49.6702192751	15
-115.069121299	49.5822190214	15
-115.041513966	49.4942145562	15
-115.014006613	49.4062063565	15
-114.98659871	49.3181948989	15
-114.959289731	49.2301806599	15
-114.932079154	49.1421641153	15
-114.904966461	49.0541457406	15
-114.877951136	48.9661260113	15
-114.851032667	48.878105402	15
-114.824210547	48.7900843871	15
-114.797484271	48.7020634407	15
-114.770853337	48.6140430364	15
-114.744317248	48.5260236472	15
-114.717875509	48.4380057459	16
-114.69152763	48.3499898047	16
-114.665273121	48.2619762955	16
-114.6391115	48.1739656894	16
-114.613042284	48.0859584573	16
-114.587064996	47.9979550696	15
-114.561179161	47.9099559959	15
-114.535384308	47.8219617056	15
-114.509679967	47.7339726674	15
-114.484065674	47.6459893495	15
-114.458540966	47.5580122195	15
-114.433105385	47.4700417446	15
-114.407758474	47.3820783912	15
-114.382499781	47.2941226252	15
-114.357328855	47.206174912	15
-114.332245249	47.1182357162	15
-114.30724852	47.030305502	14
-114.282338226	46.9423847328	14
-114.257513929	46.8544738713	14
-114.232775194	46.7665733798	14
-114.208121588	46.6786837198	14
-114.183552682	46.590805352	14
-114.159068049	46.5029387367	14
-114.134667266	46.4150843332	14
-114.11034991	46.3272426004	14
-114.086115563	46.2394139961	15
-114.061963811	46.1515989778	15
-114.037894239	46.0637980019	15
-114.013906438	45.9760115243	15
-113.99	45.88824	15
-113.956947668	45.8017680246	15
-113.923990683	45.7152678899	15
-113.891128656	45.6287400642	15
-113.858361197	45.542185016	15
-113.825687921	45.4556032143	15
-113.793108443	45.3689951281	15
-113.760622381	45.282361227	14
-113.728229355	45.1957019809	14
-113.695928985	45.1090178599	14
-113.663720896	45.0223093344	14
-113.631604713	44.9355768751	14
-113.599580063	44.8488209528	14
-113.567646576	44.7620420389	14
-113.535803881	44.6752406046	13
-113.504051613	44.5884171217	13
-113.472389406	44.5015720619	13
-113.440816897	44.4147058975	13
-113.409333724	44.3278191005	13
-113.377939527	44.2409121435	13
-113.346633949	44.153985499	13
-113.315416634	44.0670396397	13
-113.284287226	43.9800750387	13
-113.253245374	43.8930921689	13
-113.222290727	43.8060915034	13
-113.191422937	43.7190735156	12
-113.160641655	43.6320386787	12
-113.129946536	43.5449874663	12
-113.099337237	43.4579203518	12
-113.068813415	43.3708378088	12
-113.038374731	43.283740311	12
-113.008020845	43.196628332	12
-112.977751421	43.1095023455	12
-112.947566124	43.0223628252	12
-112.91746462	42.9352102449	12
-112.887446577	42.8480450782	12
-112.857511665	42.7608677988	12
-112.827659555	42.6736788804	12
-112.79788992	42.5864787966	12
-112.768202436	42.4992680209	12
-112.738596778	42.4120470268	12
-112.709072625	42.3248162877	10
-112.679629655	42.2375762768	11
-112.65026755	42.1503274675	11
-112.620985993	42.0630703327	11
-112.591784667	41.9758053454	11
-112.562663259	41.8885329784	11
-112.533621456	41.8012537044	11
-112.504658947	41.7139679959	12
-112.475775423	41.6266763251	11
-112.446970574	41.5393791641	10
-112.418244096	41.452076985	10
-112.389595682	41.3647702593	10
-112.361025029	41.2774594586	10
-112.332531836	41.190145054	10
-112.304115801	41.1028275166	10
-112.275776625	41.0155073171	10
-112.247514012	40.928184926	10
-112.219327665	40.8408608133	10
-112.191217288	40.7535354489	11
-112.16318259	40.6662093023	11
-112.135223278	40.5788828429	11
-112.107339061	40.4915565394	11
-112.079529651	40.4042308604	11
-112.05179476	40.3169062741	11
-112.024134102	40.2295832482	11
-111.996547392	40.1422622502	12
-111.969034347	40.0549437471	12
-111.941594685	39.9676282055	13
-111.914228124	39.8803160916	12
-111.886934386	39.7930078711	12
-111.859713193	39.7057040094	12
-111.832564269	39.6184049713	12
-111.805487337	39.5311112211	12
-111.778482124	39.4438232228	12
-111.751548357	39.3565414398	12
-111.724685766	39.269266335	12
-111.697894079	39.1819983707	12
-111.671173029	39.0947380089	12
-111.644522348	39.0074857109	12
-111.61794177	38.9202419373	12
-111.591431029	38.8330071485	12
-111.564989863	38.745781804	12
-111.538618009	38.6585663629	12
-111.512315207	38.5713612836	13
-111.486081195	38.4841670239	13
-111.459915716	38.3969840411	12
-111.433818513	38.3098127917	12
-111.407789329	38.2226537317	12
-111.381827909	38.1355073162	12
-111.355934	38.048374	12
-111.308324189	37.966933342	12
-111.260806292	37.8854501903	11
-111.213380108	37.8039250163	11
-111.166045437	37.7223582924	11
-111.118802078	37.6407504913	11
-111.071649833	37.5591020866	11
-111.0245885	37.4774135521	11
-110.977617881	37.3956853626	10
-110.930737777	37.3139179932	12
-110.883947989	37.2321119197	12
-110.837248318	37.1502676183	12
-110.790638566	37.0683855659	12
-110.744118535	36.9864662398	12
-110.697688028	36.9045101179	12
-110.651346847	36.8225176785	12
-110.605094795	36.7404894005	11
-110.558931676	36.6584257631	10
-110.512857292	36.5763272462	10
-110.466871448	36.49419433	10
-110.420973947	36.412027495	10
-110.375164595	36.3298272224	10
-110.329443195	36.2475939937	10
-110.283809554	36.1653282908	10
-110.238263475	36.0830305959	10
-110.192804765	36.0007013916	10
-110.14743323	35.9183411611	10
-110.102148676	35.8359503875	10
-110.056950909	35.7535295546	10
-110.011839736	35.6710791465	10
-109.966814965	35.5885996473	10
-109.921876403	35.5060915418	10
-109.877023857	35.4235553148	10
-109.832257136	35.3409914514	10
-109.787576048	35.2584004372	11
-109.742980402	35.1757827577	11
-109.698470007	35.0931388988	12
-109.654044672	35.0104693467	12
-109.609704207	34.9277745877	12
-109.565448422	34.8450551082	12
-109.521277127	34.762311395	12
-109.477190132	34.6795439349	12
-109.43318725	34.596753215	13
-109.38926829	34.5139397223	13
-109.345433066	34.4311039441	14
-109.301681387	34.3482463679	14
-109.258013068	34.265367481	14
-109.21442792	34.1824677712	14
-109.170925757	34.0995477259	15
-109.12750639	34.0166078329	15
-109.084169636	33.9336485801	16
-109.040915306	33.850670455	17
-108.997743215	33.7676739457	17
-108.954653178	33.6846595398	17
-108.91164501	33.6016277251	17
-108.868718526	33.5185789896	17
-108.825873541	33.4355138209	17
-108.783109872	33.3524327067	17
-108.740427335	33.2693361346	17
-108.697825746	33.1862245924	17
-108.655304921	33.1030985674	17
-108.61286468	33.019958547	17
-108.570504838	32.9368050186	17
-108.528225214	32.8536384692	16
-108.486025626	32.7704593859	16
-108.443905893	32.6872682557	16
-108.401865834	32.604065565	16
-108.359905268	32.5208518006	16
-108.318024014	32.4376274487	16
-108.276221893	32.3543929954	15
-108.234498725	32.2711489266	15
-108.19285433	32.1878957281	15
-108.15128853	32.1046338853	15
-108.109801146	32.0213638832	15
-108.068392	31.9380862069	15
-108.027060913	31.8548013409	15
-107.985807708	31.7715097696	15
-107.944632207	31.6882119769	15
-107.903534235	31.6049084466	15
-107.862513614	31.521599662	15
-107.821570168	31.4382861061	15
-107.78070372	31.3549682615	15
-107.739914097	31.2716466105	15
-107.699201121	31.1883216349	15
-107.65856462	31.1049938163	14
-107.618004417	31.0216636356	14
-107.577520339	30.9383315735	14
-107.537112212	30.8549981102	14
-107.496779863	30.7716637254	14
-107.456523118	30.6883288983	14
-107.416341805	30.6049941078	14
-107.376235751	30.5216598321	14
-107.336204785	30.438326549	14
-107.296248734	30.3549947358	14
-107.256367427	30.2716648692	14
-107.216560694	30.1883374253	14
-107.176828363	30.1050128799	14
-107.137170265	30.021691708	14
-107.097586229	29.9383743841	14
-107.058076085	29.855061382	14
-107.018639666	29.771753175	15
-106.9792768	29.6884502359	15
-106.939987321	29.6051530366	15
-106.90077106	29.5218620484	15
-106.861627849	29.4385777423	15
-106.822557521	29.3553005881	15
-106.783559907	29.2720310553	15
-106.744634843	29.1887696125	15
-106.705782161	29.1055167278	15
-106.667001695	29.0222728684	15
-106.628293279	28.9390385009	15
-106.589656749	28.855814091	15
-106.551091938	28.7726001037	15
-106.512598683	28.6893970034	15
-106.474176819	28.6062052534	15
-106.435826182	28.5230253167	15
-106.397546609	28.4398576549	15
-106.359337936	28.3567027293	15
-106.3212	28.273561	14
-106.266887945	28.1981819021	14
-106.212645611	28.1227718547	14
-106.158472961	28.0473313121	14
-106.104369958	27.9718607289	15
-106.050336563	27.8963605604	14
-105.996372739	27.8208312617	14
-105.942478446	27.7452732885	14
-105.888653646	27.6696870968	14
-105.834898299	27.5940731429	14
-105.781212365	27.5184318834	14
-105.727595803	27.4427637749	14
-105.674048574	27.3670692746	14
-105.620570636	27.2913488397	14
-105.567161948	27.2156029278	14
-105.513822467	27.1398319966	14
-105.460552152	27.0640365039	14
-105.407350961	26.9882169081	14
-105.354218849	26.9123736672	14
-105.301155775	26.8365072397	13
-105.248161694	26.7606180843	13
-105.195236563	26.6847066597	13
-105.142380337	26.6087734246	13
-105.089592971	26.5328188381	13
-105.036874421	26.4568433591	13
-104.984224641	26.3808474469	13
-104.931643585	26.3048315605	13
-104.879131207	26.2287961593	13
-104.826687461	26.1527417024	13
-104.7743123	26.0766686493	13
-104.722005677	26.0005774592	13
-104.669767545	25.9244685914	13
-104.617597855	25.8483425053	12
-104.56549656	25.7721996602	12
-104.513463611	25.6960405153	11
-104.46149896	25.6198655297	11
-104.409602557	25.5436751627	11
-104.357774353	25.4674698733	11
-104.306014299	25.3912501204	11
-104.254322344	25.3150163628	11
-104.202698438	25.2387690595	11
-104.15114253	25.1625086688	11
-104.09965457	25.0862356494	11
-104.048234506	25.0099504595	11
-103.996882287	24.9336535573	11
-103.945597861	24.8573454007	11
-103.894381175	24.7810264475	11
-103.843232177	24.7046971552	11
-103.792150815	24.6283579811	11
-103.741137036	24.5520093825	11
-103.690190786	24.475651816	11
-103.639312011	24.3992857384	11
-103.588500658	24.3229116059	11
-103.537756672	24.2465298745	11
-103.48708	24.170141	11
-103.427850332	24.0982608289	11
-103.368679812	24.0263489876	11
-103.309568478	23.9544059229	11
-103.250516367	23.882432082	11
-103.191523515	23.8104279127	11
-103.132589958	23.738393863	11
-103.073715731	23.6663303812	11
-103.014900868	23.5942379164	11
-102.956145404	23.5221169176	11
-102.897449372	23.4499678343	11
-102.838812806	23.3777911166	11
-102.780235736	23.3055872144	11
-102.721718195	23.2333565785	11
-102.663260215	23.1610996594	11
-102.604861825	23.0888169084	11
-102.546523057	23.0165087768	11
-102.488243939	22.9441757161	11
-102.4300245	22.8718181782	11
-102.371864769	22.7994366151	11
-102.313764774	22.7270314792	11
-102.255724542	22.6546032229	11
-102.197744099	22.5821522988	11
-102.139823473	22.5096791599	11
-102.081962688	22.437184259	11
-102.02416177	22.3646680493	11
-101.966420744	22.292130984	11
-101.908739633	22.2195735166	11
-101.851118461	22.1469961005	11
-101.793557252	22.0743991893	11
-101.736056026	22.0017832366	12
-101.678614807	21.9291486961	12
-101.621233616	21.8564960216	11
-101.563912474	21.7838256669	11
-101.5066514	21.7111380857	11
-101.449450416	21.6384337319	11
-101.39230954	21.5657130592	11
-101.33522879	21.4929765216	11
-101.278208186	21.4202245726	11
-101.221247745	21.347457666	11
-101.164347484	21.2746762554	11
-101.107507421	21.2018807945	11
-101.05072757	21.1290717366	11
-100.994007948	21.0562495352	11
-100.937348571	20.9834146435	12
-100.880749452	20.9105675146	12
-100.824210607	20.8377086015	12
-100.767732048	20.764838357	12
-100.711313789	20.6919572338	12
-100.654955843	20.6190656843	11
-100.598658221	20.5461641609	12
-100.542420937	20.4732531155	12
-100.486244	20.400333	11
-100.410897689	20.3459212503	11
-100.335598606	20.2914729994	11
-100.260346966	20.2369886198	11
-100.185142984	20.1824684851	11
-100.109986873	20.1279129689	11
-100.034878846	20.0733224458	11
-99.9598191149	20.0186972908	11
-99.8848078903	19.9640378793	12
-99.8098453822	19.9093445873	10
-99.7349317995	19.8546177914	11
-99.6600673502	19.7998578686	11
-99.5852522413	19.7450651963	10
-99.510486679	19.6902401525	11
-99.4357708684	19.6353831155	11
-99.3611050138	19.5804944643	11
-99.2864893184	19.525574578	11
-99.2119239844	19.4706238363	11
-99.1374092134	19.4156426194	12
-99.0629452056	19.3606313076	12
-98.9885321605	19.3055902817	12
-98.9141702766	19.2505199231	12
-98.8398597513	19.1954206132	12
-98.7656007813	19.140292734	12
-98.6913935621	19.0851366675	12
-98.6172382883	19.0299527964	13
-98.5431351536	18.9747415035	13
-98.4690843507	18.9195031718	13
-98.3950860712	18.8642381848	13
-98.3211405059	18.808946926	13
-98.2472478446	18.7536297793	13
-98.173408276	18.698287129	13
-98.099621988	18.6429193592	14
-98.0258891674	18.5875268547	14
-97.95221	18.53211	15
-97.8631978799	18.5040332795	15
-97.7742055251	18.4759119658	16
-97.6852333584	18.4477462625	16
-97.5962818017	18.4195363742	16
-97.5073512766	18.3912825066	16
-97.418442204	18.3629848661	16
-97.329555004	18.3346436603	16
-97.2406900964	18.3062590974	17
-97.1518479	18.2778313868	17
-97.0630288334	18.2493607388	17
-96.974233314	18.2208473643	17
-96.885461759	18.1922914755	17
-96.7967145847	18.1636932851	18
-96.7079922066	18.1350530071	20
-96.6192950398	18.106370856	20
-96.5306234983	18.0776470474	20
-96.4419779957	18.0488817975	19
-96.3533589446	18.0200753237	18
-96.2647667571	17.991227844	19
-96.1762018443	17.9623395772	17
-96.0876646168	17.9334107432	17
-95.999155484	17.9044415623	17
-95.9106748549	17.8754322559	17
-95.8222231376	17.8463830462	17
-95.7338007392	17.817294156	16
-95.6454080662	17.7881658091	15
-95.5570455241	17.75899823	15
-95.4687135175	17.7297916437	15
-95.3804124505	17.7005462765	16
-95.2921427259	17.6712623549	16
-95.2039047458	17.6419401065	16
-95.1156989115	17.6125797595	16
-95.0275256232	17.5831815428	16
-94.9393852804	17.5537456859	16
-94.8512782814	17.5242724194	17
-94.7632050239	17.4947619742	17
-94.6751659045	17.465214582	17
-94.5871613187	17.4356304752	17
-94.4991916613	17.4060098869	17
-94.4112573259	17.3763530508	17
-94.3233587054	17.3466602013	17
-94.2354961913	17.3169315734	17
-94.1476701746	17.2871674027	17
-94.0598810448	17.2573679256	17
-93.9721291907	17.2275333789	18
-93.884415	17.197664	18
-93.8017858204	17.1564160305	18
-93.7191881853	17.1151318928	18
-93.6366224197	17.0738118808	18
-93.5540888479	17.032456289	18
-93.4715877933	16.9910654129	18
-93.3891195787	16.9496395483	18
-93.3066845259	16.9081789919	17
-93.224282956	16.8666840408	17
-93.1419151893	16.8251549929	17
-93.0595815452	16.7835921466	17
-92.9772823424	16.741995801	15
-92.8950178987	16.7003662558	15
-92.8127885309	16.658703811	15
-92.7305945551	16.6170087676	15
-92.6484362867	16.5752814269	15
-92.56631404	16.5335220907	15
-92.4842281284	16.4917310615	15
-92.4021788647	16.4499086423	15
-92.3201665605	16.4080551364	15
-92.2381915268	16.3661708479	15
-92.1562540735	16.3242560813	15
-92.0743545097	16.2823111415	15
-91.9924931436	16.2403363338	15
-91.9106702824	16.1983319643	15
-91.8288862325	16.1562983391	15
-91.7471412993	16.1142357652	15
-91.6654357873	16.0721445496	15
-91.58377	16.030025	15
-91.4987665589	15.9932317681	16
-91.4137894274	15.9564029833	16
-91.3288389671	15.9195389132	16
-91.2439155387	15.8826398261	16
-91.1590195023	15.8457059912	16
-91.0741512172	15.8087376782	16
-90.989311042	15.7717351574	16
-90.9044993347	15.7346987	16
-90.8197164523	15.6976285775	16
-90.7349627513	15.6605250625	16
-90.6502385873	15.6233884278	16
-90.5655443152	15.5862189472	16
-90.4808802891	15.5490168947	16
-90.3962468624	15.5117825453	16
-90.3116443876	15.4745161743	16
-90.2270732164	15.4372180578	16
-90.1425336997	15.3998884722	16
-90.0580261877	15.3625276948	16
-89.9735510297	15.3251360031	16
-89.8891085742	15.2877136755	16
-89.8046991687	15.2502609907	16
-89.7203231601	15.2127782279	16
-89.6359808943	15.1752656669	17
-89.5516727164	15.137723588	16
-89.4673989705	15.1001522719	17
-89.38316	15.062552	17
-89.292367746	15.0509744993	17
-89.2015803972	15.0393602861	17
-89.1107984091	15.0277094434	17
-89.020022237	15.0160220545	18
-88.929252336	15.0042982038	18
-88.838489161	14.9925379764	18
-88.7477331668	14.9807414582	18
-88.6569848079	14.9689087359	18
-88.5662445385	14.957039897	18
-88.4755128127	14.9451350297	18
-88.3847900843	14.9331942231	18
-88.2940768068	14.9212175671	18
-88.2033734333	14.9092051522	18
-88.1126804169	14.8971570698	18
-88.0219982102	14.885073412	18
-87.9313272654	14.8729542718	18
-87.8406680345	14.8607997427	18
-87.7500209691	14.8486099193	18
-87.6593865204	14.8363848966	18
-87.5687651393	14.8241247706	18
-87.4781572764	14.8118296379	18
-87.3875633815	14.7994995961	18
-87.2969839044	14.7871347431	17
-87.2064192943	14.7747351778	17
-87.11587	14.762301	17
-87.0355729413	14.7208626675	17
-86.9553029929	14.6793949261	17
-86.8750604562	14.6378980601	17
-86.7948456316	14.596372354	17
-86.7146588192	14.5548180932	17
-86.6345003181	14.5132355633	17
-86.554370427	14.4716250506	17
-86.4742694439	14.4299868417	17
-86.3941976661	14.3883212238	17
-86.3141553901	14.3466284846	16
-86.2341429121	14.304908912	16
-86.1541605271	14.2631627945	16
-86.0742085298	14.2213904212	16
-85.9942872141	14.1795920814	16
-85.9143968731	14.1377680648	16
-85.8345377993	14.0959186616	16
-85.7547102844	14.0540441624	16
-85.6749146195	14.0121448582	17
-85.5951510948	13.9702210401	18
-85.51542	13.928273	17
-85.4871651524	13.8422752537	18
-85.458930006	13.7562706433	18
-85.4307145539	13.6702596185	18
-85.4025187891	13.5842426289	18
-85.3743427047	13.4982201244	17
-85.3461862936	13.412192555	17
-85.318049549	13.3261603705	17
-85.2899324636	13.2401240211	18
-85.2618350306	13.1540839567	17
-85.2337572427	13.0680406274	17
-85.2056990929	12.9819944833	17
-85.177660574	12.8959459745	17
-85.1496416787	12.809895551	17
-85.1216424	12.7238436629	17
-85.0936627306	12.6377907602	17
-85.0657026632	12.5517372927	17
-85.0377621905	12.4656837103	17
-85.0098413052	12.3796304629	17
-84.98194	12.293578	17
-84.9502873039	12.2083608611	17
-84.9186537062	12.1231366959	17
-84.8870392089	12.0379059588	17
-84.8554438139	11.9526691044	17
-84.8238675232	11.8674265872	17
-84.7923103385	11.7821788621	17
-84.7607722617	11.6969263838	17
-84.7292532945	11.6116696072	17
-84.6977534386	11.5264089871	17
-84.6662726956	11.4411449783	17
-84.6348110672	11.3558780359	17
-84.6033685549	11.2706086146	17
-84.5719451602	11.1853371694	17
-84.5405408846	11.1000641549	17
-84.5091557294	11.0147900261	17
-84.477789696	10.9295152376	16
-84.4464427858	10.8442402441	16
-84.415115	10.7589655	17
-84.3571415595	10.6878729808	17
-84.2991933628	10.6167674393	17
-84.2412705121	10.5456493117	17
-84.183373109	10.4745190342	17
-84.1255012548	10.4033770433	17
-84.0676550507	10.3322237757	18
-84.0098345975	10.261059668	18
-83.9520399957	10.1898851571	18
-83.8942713454	10.1187006799	18
-83.8365287466	10.0475066734	18
-83.7788122989	9.97630357463	18
-83.7211221015	9.90509182076	18
-83.6634582535	9.83387184892	17
-83.6058208536	9.76264409627	17
-83.54821	9.691409	17
-83.4786317382	9.638664647	17
-83.4090736455	9.58590514749	17
-83.339535918	9.53313082332	17
-83.2700187517	9.48034199657	17
-83.2005223419	9.42753898951	17
-83.1310468839	9.3747221246	17
-83.0615925722	9.32189172449	17
-82.9921596013	9.26904811199	17
-82.9227481652	9.21619161009	17
-82.8533584575	9.16332254192	17
-82.7839906715	9.11044123076	17
-82.714645	9.057548	18
-82.6284131857	9.01873737284	18
-82.542197616	8.97990562092	18
-82.4559986766	8.9410530422	18
-82.3698167528	8.90217993509	18
-82.2836522294	8.86328659843	15
-82.1975054907	8.82437333146	15
-82.1113769206	8.78544043383	15
-82.0252669026	8.74648820556	15
-81.9391758194	8.70751694709	14
-81.8531040534	8.66852695919	15
-81.7670519865	8.629518543	15
-81.68102	8.590492	15
-81.590104398	8.59666426925	15
-81.4991838158	8.60281535269	15
-81.408258711	8.60894520246	15
-81.3173295413	8.61505377115	15
-81.2263967643	8.62114101184	15
-81.1354608381	8.62720687806	15
-81.0445222206	8.63325132386	15
-80.9535813699	8.63927430373	15
-80.862638744	8.64527577265	15
-80.7716948014	8.65125568609	15
-80.68075	8.657214	15
-80.6008274043	8.70733042044	14
-80.5208816904	8.75743122215	15
-80.4409131597	8.807516035	15
-80.360922114	8.85758448908	15
-80.280908856	8.90763621475	15
-80.2008736884	8.95767084266	15
-80.1208169148	9.00768800374	14
-80.0407388391	9.05768732923	14
-79.9606397659	9.10766845068	13
-79.88052	9.157631	13
-79.7916495654	9.19104666456	13
-79.7027614073	9.22444094861	14
-79.6138559482	9.25781358782	14
-79.5249336114	9.29116431832	14
-79.4359948207	9.32449287669	15
-79.34704	9.357799	16
-79.2569563575	9.33121197116	16
-79.1668845678	9.30460172636	16
-79.0768250735	9.27796847312	16
-78.9867783171	9.25131241945	15
-78.8967447407	9.22463377388	15
-78.8067247857	9.19793274542	15
-78.7167188936	9.17120954358	15
-78.6267275051	9.14446437835	15
-78.5367510606	9.11769746018	15
-78.44679	9.090909	14
-78.3769559455	9.0272866437	15
-78.307144844	8.96364956615	14
-78.2373568914	8.89999820689	14
-78.1675922832	8.83633300566	14
-78.0978512144	8.77265440244	14
-78.0281338797	8.70896283735	14
-77.9584404732	8.64525875071	14
-77.8887711888	8.58154258299	14
-77.8191262199	8.51781477479	14
-77.7495057595	8.45407576685	14
-77.67991	8.390326	14
-77.6280620398	8.31700191024	14
-77.5762312008	8.24366788685	14
-77.5244175591	8.17032434912	14
-77.472621191	8.09697171647	14
-77.4208421725	8.02361040847	14
-77.3690805793	7.95024084479	14
-77.3173364871	7.87686344521	15
-77.2656099715	7.80347862962	15
-77.2139011076	7.73008681796	14
-77.1622099708	7.65668843027	15
-77.1105366359	7.58328388663	15
-77.0588811778	7.50987360715	15
-77.0072436711	7.43645801199	15
-76.9556241903	7.36303752133	14
-76.9040228098	7.28961255532	14
-76.8524396037	7.21618353414	14
-76.8008746459	7.14275087794	14
-76.7493280103	7.06931500681	14
-76.6977997705	6.99587634083	13
-76.64629	6.9224353	12
-76.6358976948	6.83273617917	11
-76.6255085911	6.74303081802	10
-76.6151226879	6.65331966457	10
-76.6047399845	6.56360316704	10
-76.5943604802	6.47388177375	10
-76.583984174	6.3841559332	10
-76.5736110653	6.294426094	9
-76.5632411532	6.20469270489	10
-76.5528744369	6.11495621469	10
-76.5425109156	6.02521707232	10
-76.5321505885	5.93547572677	10
-76.5217934549	5.84573262709	11
-76.5114395139	5.75598822238	11
-76.5010887647	5.66624296176	11
-76.4907412065	5.5764972944	11
-76.4803968385	5.48675166944	11
-76.47005566	5.39700653603	10
-76.4597176701	5.30726234332	10
-76.449382868	5.21751954039	10
-76.4390512528	5.1277785763	10
-76.428722824	5.03803990004	11
-76.4183975805	4.94830396051	11
-76.4080755216	4.85857120656	12
-76.3977566465	4.76884208691	12
-76.3874409544	4.67911705018	12
-76.3771284445	4.58939654485	13
-76.3668191161	4.49968101928	15
-76.3565129681	4.40997092165	13
-76.34621	4.3202667	13
-76.370717497	4.23245483023	14
-76.3952211725	4.14463596264	14
-76.4197210183	4.05681055726	14
-76.4442170264	3.96897907429	14
-76.4687091888	3.88114197413	15
-76.4931974974	3.7932997173	15
-76.5176819442	3.7054527645	15
-76.5421625212	3.61760157653	15
-76.5666392202	3.52974661429	14
-76.5911120334	3.44188833883	14
-76.6155809527	3.35402721123	14
-76.6400459702	3.26616369268	15
-76.6645070777	3.1782982444	14
-76.6889642675	3.09043132767	14
-76.7134175314	3.00256340379	14
-76.7378668616	2.91469493409	14
-76.76231225	2.82682637988	14
-76.7867536888	2.73895820247	14
-76.81119117	2.65109086313	14
-76.8356246856	2.56322482311	14
-76.8600542279	2.47536054359	14
-76.8844797887	2.38749848569	14
-76.9089013603	2.29963911042	14
-76.9333189347	2.21178287872	11
-76.9577325041	2.12393025142	11
-76.9821420606	2.03608168921	12
-77.0065475963	1.94823765265	13
-77.0309491033	1.86039860213	13
-77.0553465738	1.7725649979	13
-77.07974	1.6847373	13
-77.0929305085	1.59585353239	13
-77.1061213713	1.50695960922	13
-77.1193125869	1.41805597093	13
-77.132504154	1.32914305822	12
-77.1456960711	1.24022131209	13
-77.158888337	1.15129117377	13
-77.1720809501	1.06235308478	10
-77.1852739092	0.973407486838	10
-77.1984672128	0.884454821904	10
-77.2116608596	0.795495532141	12
-77.2248548481	0.706530059911	12
-77.238049177	0.617558847758	15
-77.2512438449	0.528582338398	13
-77.2644388504	0.439600974702	14
-77.2776341921	0.350615199687	14
-77.2908298687	0.261625456501	14
-77.3040258787	0.172632188409	14
-77.3172222207	0.0836358387829	14
-77.3304188935	-0.00536314891569	14
-77.3436158955	-0.094364331145	15
-77.3568132254	-0.183367264298	15
-77.3700108818	-0.272371504715	15
-77.3832088634	-0.361376608698	15
-77.3964071686	-0.450382132521	15
-77.4096057962	-0.539387632445	14
-77.4228047448	-0.628392664733	15
-77.4360040129	-0.71739678566	15
-77.4492035992	-0.806399551526	16
-77.4624035023	-0.895400518672	15
-77.4756037207	-0.984399243491	14
-77.4888042532	-1.07339528244	14
-77.5020050983	-1.16238819206	14
-77.5152062546	-1.25137752898	14
-77.5284077208	-1.34036284993	14
-77.5416094954	-1.42934371177	14
-77.554811577	-1.51831967148	13
-77.5680139643	-1.60729028619	13
-77.5812166559	-1.69625511317	14
-77.5944196503	-1.7852137099	14
-77.6076229462	-1.87416563401	13
-77.6208265422	-1.96311044332	13
-77.634030437	-2.0520476959	13
-77.647234629	-2.14097695001	13
-77.6604391169	-2.22989776414	13
-77.6736438994	-2.31880969705	13
-77.686848975	-2.40771230776	14
-77.7000543423	-2.49660515555	13
-77.71326	-2.5854878	13
-77.70428528	-2.67380677976	13
-77.695308513	-2.76213312096	13
-77.6863296986	-2.85046639815	13
-77.6773488366	-2.93880618569	13
-77.6683659267	-3.02715205773	13
-77.6593809687	-3.11550358826	13
-77.6503939623	-3.20386035108	14
-77.6414049072	-3.29222191986	14
-77.6324138033	-3.38058786812	14
-77.6234206502	-3.46895776925	14
-77.6144254476	-3.55733119651	13
-77.6054281954	-3.64570772309	14
-77.5964288933	-3.73408692205	14
-77.587427541	-3.8224683664	14
-77.5784241382	-3.91085162906	13
-77.5694186847	-3.99923628289	13
-77.5604111803	-4.08762190074	13
-77.5514016247	-4.17600805541	13
-77.5423900176	-4.26439431966	13
-77.5333763588	-4.35278026628	13
-77.524360648	-4.44116546805	13
-77.5153428849	-4.52954949776	13
-77.5063230694	-4.61793192825	13
-77.4973012012	-4.70631233239	12
-77.4882772799	-4.7946902831	12
-77.4792513054	-4.88306535339	12
-77.4702232775	-4.97143711632	13
-77.4611931957	-5.05980514508	13
-77.45216106	-5.14816901292	13
-77.44312687	-5.23652829324	14
-77.4340906255	-5.32488255957	14
-77.4250523263	-5.41323138556	13
-77.4160119721	-5.50157434502	12
-77.4069695626	-5.58991101194	12
-77.3979250975	-5.67824096048	11
-77.3888785768	-5.76656376498	10
-77.37983	-5.854879	10
-77.3409994358	-5.93664689574	11
-77.3021525951	-6.01842208073	12
-77.2632895034	-6.10020410984	11
-77.2244101863	-6.1819925376	11
-77.1855146695	-6.26378691828	11
-77.1466029786	-6.34558680585	11
-77.1076751397	-6.42739175403	11
-77.0687311784	-6.50920131629	11
-77.029771121	-6.59101504585	11
-76.9907949933	-6.67283249573	10
-76.9518028215	-6.75465321872	12
-76.912794632	-6.83647676742	11
-76.8737704509	-6.91830269425	12
-76.8347303047	-7.00013055146	12
-76.7956742199	-7.08195989114	12
-76.756602223	-7.16379026524	12
-76.7175143407	-7.24562122559	12
-76.6784105996	-7.32745232389	12
-76.6392910266	-7.40928311175	12
-76.6001556485	-7.49111314068	12
-76.5610044924	-7.57294196213	12
-76.5218375852	-7.65476912748	12
-76.482654954	-7.73659418806	12
-76.4434566261	-7.81841669516	11
-76.4042426288	-7.90023620008	11
-76.3650129893	-7.98205225409	11
-76.3257677352	-8.06386440845	11
-76.286506894	-8.14567221448	11
-76.2472304933	-8.22747522351	11
-76.2079385607	-8.30927298691	10
-76.168631124	-8.39106505613	11
-76.1293082111	-8.47285098269	10
-76.0899698499	-8.55463031819	12
-76.0506160684	-8.63640261434	10
-76.0112468947	-8.71816742296	10
-75.9718623569	-8.79992429599	11
-75.9324624833	-8.88167278555	10
-75.8930473022	-8.96341244387	10
-75.853616842	-9.04514282336	9
-75.8141711313	-9.12686347665	10
-75.7747101985	-9.20857395651	9
-75.7352340723	-9.29027381597	10
-75.6957427814	-9.37196260824	9
-75.6562363547	-9.4536398868	10
-75.6167148211	-9.53530520537	9
-75.5771782094	-9.61695811792	10
-75.5376265487	-9.69859817872	10
-75.4980598682	-9.78022494232	10
-75.458478197	-9.86183796356	9
-75.4188815645	-9.94343679762	11
-75.37927	-10.025021	9
-75.3140257473	-10.088247425	10
-75.2487503753	-10.1514663555	11
-75.1834440312	-10.2146773886	10
-75.1181068628	-10.2778801219	10
-75.0527390183	-10.3410741526	10
-74.9873406464	-10.404259078	10
-74.9219118962	-10.4674344953	9
-74.8564529174	-10.5306000018	10
-74.7909638599	-10.5937551948	9
-74.7254448742	-10.6568996716	9
-74.6598961114	-10.7200330296	10
-74.5943177228	-10.7831548662	9
-74.5287098602	-10.8462647788	10
-74.463072676	-10.9093623651	9
-74.3974063228	-10.9724472226	9
-74.3317109539	-11.0355189491	8
-74.2659867228	-11.0985771424	10
-74.2002337837	-11.1616214007	9
-74.134452291	-11.224651322	10
-74.0686423996	-11.2876665047	10
-74.0028042649	-11.3506665471	9
-73.9369380428	-11.4136510481	9
-73.8710438893	-11.4766196064	10
-73.8051219612	-11.5395718211	9
-73.7391724155	-11.6025072915	10
-73.6731954098	-11.6654256171	9
-73.607191102	-11.7283263978	9
-73.5411596504	-11.7912092334	8
-73.4751012138	-11.8540737244	8
-73.4090159513	-11.9169194713	8
-73.3429040226	-11.9797460751	8
-73.2767655877	-12.0425531368	8
-73.2106008069	-12.1053402582	8
-73.1444098411	-12.1681070409	8
-73.0781928516	-12.2308530874	8
-73.01195	-12.293578	8
-72.9444213552	-12.3550659834	8
-72.876854255	-12.4165434217	8
-72.8092488546	-12.4780099128	8
-72.7416053099	-12.5394650548	9
-72.6739237773	-12.6009084454	9
-72.6062044138	-12.6623396828	9
-72.538447377	-12.7237583646	9
-72.4706528252	-12.785164089	9
-72.4028209172	-12.8465564539	9
-72.3349518124	-12.9079350572	9
-72.2670456709	-12.969299497	9
-72.1991026532	-13.0306493716	7
-72.1311229205	-13.091984279	8
-72.0631066346	-13.1533038177	6
-71.9950539579	-13.214607586	6
-71.9269650532	-13.2758951824	7
-71.8588400843	-13.3371662058	6
-71.7906792151	-13.3984202549	7
-71.7224826103	-13.4596569287	6
-71.6542504353	-13.5208758263	6
-71.5859828558	-13.5820765472	6
-71.5176800383	-13.6432586908	6
-71.4493421498	-13.7044218571	5
-71.3809693579	-13.7655656458	5
-71.3125618306	-13.8266896574	5
-71.2441197367	-13.8877934922	5
-71.1756432455	-13.9488767511	5
-71.1071325267	-14.0099390351	5
-71.0385877507	-14.0709799455	5
-70.9700090886	-14.1319990839	5
-70.9013967118	-14.1929960523	5
-70.8327507923	-14.253970453	5
-70.7640715029	-14.3149218886	5
-70.6953590166	-14.375849962	5
-70.6266135072	-14.4367542768	5
-70.5578351489	-14.4976344365	5
-70.4890241165	-14.5584900453	5
-70.4201805854	-14.6193207077	5
-70.3513047315	-14.6801260288	6
-70.2823967313	-14.7409056139	6
-70.2134567616	-14.8016590689	6
-70.144485	-14.862386	6
-70.0983759099	-14.9397533395	6
-70.052228083	-15.0171206481	6
-70.0060415306	-15.0944874915	6
-69.959816264	-15.1718534349	5
-69.9135522946	-15.2492180436	5
-69.8672496344	-15.3265808823	5
-69.8209082952	-15.4039415159	5
-69.7745282894	-15.4812995086	5
-69.7281096292	-15.5586544248	5
-69.6816523276	-15.6360058286	5
-69.6351563972	-15.7133532838	5
-69.5886218512	-15.7906963543	5
-69.542048703	-15.8680346035	5
-69.4954369662	-15.9453675949	5
-69.4487866545	-16.0226948919	5
-69.4020977819	-16.1000160578	5
-69.3553703627	-16.1773306556	5
-69.3086044114	-16.2546382485	5
-69.2617999428	-16.3319383993	5
-69.2149569716	-16.4092306711	5
-69.1680755132	-16.4865146267	6
-69.1211555828	-16.5637898291	5
-69.0741971962	-16.6410558409	5
-69.0272003691	-16.7183122251	5
-68.9801651178	-16.7955585445	5
-68.9330914585	-16.872794362	6
-68.8859794078	-16.9500192404	6
-68.8388289824	-17.0272327428	6
-68.7916401995	-17.1044344321	6
-68.7444130763	-17.1816238713	6
-68.6971476302	-17.2588006237	6
-68.6498438791	-17.3359642526	6
-68.602501841	-17.4131143212	6
-68.5551215339	-17.490250393	6
-68.5077029765	-17.5673720318	6
-68.4602461874	-17.6444788012	6
-68.4127511855	-17.7215702653	6
-68.36521799	-17.7986459881	5
-68.3176466204	-17.8757055339	5
-68.2700370962	-17.9527484673	5
-68.2223894374	-18.029774353	5
-68.1747036642	-18.1067827558	5
-68.126979797	-18.1837732411	5
-68.0792178563	-18.2607453741	5
-68.031417863	-18.3376987207	5
-67.9835798383	-18.4146328468	4
-67.9357038036	-18.4915473187	4
-67.8877897804	-18.5684417029	4
-67.8398377906	-18.6453155663	4
-67.7918478564	-18.7221684762	4
-67.74382	-18.799	4
-67.7483802878	-18.8884312093	4
-67.7529462099	-18.9778772037	4
-67.7575177767	-19.067337549	4
-67.7620949986	-19.1568118108	4
-67.766677886	-19.246299554	4
-67.7712664494	-19.3358003432	4
-67.7758606993	-19.4253137428	4
-67.7804606463	-19.5148393166	4
-67.7850663007	-19.6043766282	4
-67.7896776734	-19.6939252406	4
-67.7942947747	-19.7834847168	4
-67.7989176154	-19.8730546193	4
-67.8035462061	-19.9626345102	4
-67.8081805574	-20.0522239514	4
-67.8128206802	-20.1418225047	4
-67.817466585	-20.2314297312	4
-67.8221182827	-20.3210451922	4
-67.826775784	-20.4106684484	4
-67.8314390997	-20.5002990605	4
-67.8361082407	-20.5899365888	4
-67.8407832178	-20.6795805936	4
-67.845464042	-20.7692306348	4
-67.850150724	-20.8588862721	4
-67.854843275	-20.9485470653	4
-67.8595417057	-21.0382125738	4
-67.8642460273	-21.127882357	4
-67.8689562508	-21.217555974	4
-67.8736723872	-21.3072329839	4
-67.8783944475	-21.3969129458	4
-67.8831224429	-21.4865954184	4
-67.8878563846	-21.5762799606	4
-67.8925962836	-21.6659661312	5
-67.8973421512	-21.7556534889	5
-67.9020939985	-21.8453415922	5
-67.9068518369	-21.9350299998	5
-67.9116156776	-22.0247182703	5
-67.9163855319	-22.1144059624	5
-67.9211614111	-22.2040926347	5
-67.9259433266	-22.2937778457	5
-67.9307312897	-22.3834611542	4
-67.9355253119	-22.473142119	5
-67.9403254046	-22.5628202988	4
-67.9451315793	-22.6524952525	4
-67.9499438475	-22.742166539	4
-67.9547622207	-22.8318337176	4
-67.9595867105	-22.9214963472	4
-67.9644173285	-23.0111539873	4
-67.9692540862	-23.1008061974	4
-67.9740969953	-23.1904525369	4
-67.9789460675	-23.2800925658	4
-67.9838013145	-23.3697258439	4
-67.988662748	-23.4593519315	4
-67.9935303798	-23.5489703889	4
-67.9984042217	-23.6385807767	4
-68.0032842855	-23.7281826557	4
-68.008170583	-23.8177755869	4
-68.0130631261	-23.9073591318	4
-68.0179619268	-23.9969328518	4
-68.022866997	-24.0864963088	4
-68.0277783486	-24.1760490651	4
-68.0326959937	-24.2655906831	4
-68.0376199442	-24.3551207255	4
-68.0425502123	-24.4446387557	4
-68.04748681	-24.5341443369	4
-68.0524297496	-24.6236370331	4
-68.057379043	-24.7131164085	4
-68.0623347025	-24.8025820277	4
-68.0672967403	-24.8920334557	4
-68.0722651687	-24.9814702578	3
-68.07724	-25.070892	3
-68.0990699306	-25.1593114125	3
-68.120933611	-25.2477360298	3
-68.1428311133	-25.3361653922	3
-68.1647625094	-25.4245990399	3
-68.1867278718	-25.5130365127	3
-68.2087272729	-25.6014773504	3
-68.2307607854	-25.6899210922	3
-68.2528284821	-25.7783672775	3
-68.2749304362	-25.8668154453	3
-68.2970667209	-25.9552651343	3
-68.3192374096	-26.0437158832	3
-68.3414425758	-26.1321672306	3
-68.3636822935	-26.2206187148	3
-68.3859566366	-26.3090698739	3
-68.4082656792	-26.3975202462	3
-68.4306094958	-26.4859693696	3
-68.4529881609	-26.5744167821	3
-68.4754017492	-26.6628620214	3
-68.4978503357	-26.7513046254	3
-68.5203339955	-26.8397441317	3
-68.5428528039	-26.9281800781	3
-68.5654068365	-27.0166120022	3
-68.5879961689	-27.1050394418	3
-68.6106208771	-27.1934619344	4
-68.6332810371	-27.2818790177	4
-68.6559767253	-27.3702902295	4
-68.678708018	-27.4586951076	4
-68.7014749921	-27.5470931897	5
-68.7242777242	-27.6354840137	5
-68.7471162917	-27.7238671177	5
-68.7699907716	-27.8122420398	5
-68.7929012415	-27.900608318	5
-68.8158477789	-27.9889654908	5
-68.8388304619	-28.0773130966	5
-68.8618493684	-28.165650674	5
-68.8849045767	-28.2539777619	5
-68.9079961652	-28.3422938991	5
-68.9311242127	-28.430598625	5
-68.9542887979	-28.5188914787	6
-68.97749	-28.607172	6
-68.9921857824	-28.6964784499	6
-69.0069092304	-28.7857988652	6
-69.0216604201	-28.8751327973	6
-69.0364394281	-28.964479797	6
-69.0512463311	-29.0538394146	6
-69.0660812063	-29.1432112	6
-69.080944131	-29.2325947028	6
-69.0958351828	-29.3219894719	6
-69.1107544396	-29.4113950561	6
-69.1257019795	-29.5008110035	6
-69.1406778812	-29.5902368621	6
-69.1556822232	-29.6796721795	6
-69.1707150846	-29.7691165026	6
-69.1857765448	-29.8585693784	5
-69.2008666833	-29.9480303534	5
-69.21598558	-30.0374989737	5
-69.2311333152	-30.1269747852	5
-69.2463099692	-30.2164573334	5
-69.2615156228	-30.3059461638	5
-69.2767503571	-30.3954408213	5
-69.2920142534	-30.4849408507	5
-69.3073073934	-30.5744457967	5
-69.322629859	-30.6639552035	5
-69.3379817324	-30.7534686153	5
-69.3533630962	-30.842985576	5
-69.3687740332	-30.9325056293	5
-69.3842146265	-31.022028319	5
-69.3996849595	-31.1115531883	5
-69.4151851161	-31.2010797807	5
-69.4307151802	-31.2906076392	5
-69.4462752363	-31.3801363069	5
-69.4618653689	-31.4696653268	5
-69.4774856631	-31.5591942416	5
-69.4931362041	-31.6487225943	5
-69.5088170775	-31.7382499276	5
-69.5245283693	-31.827775784	5
-69.5402701656	-31.9172997062	5
-69.5560425531	-32.006821237	5
-69.5718456185	-32.0963399188	5
-69.5876794491	-32.1858552943	5
-69.6035441323	-32.2753669062	5
-69.6194397561	-32.3648742971	5
-69.6353664084	-32.4543770098	5
-69.6513241778	-32.5438745869	5
-69.6673131532	-32.6333665714	5
-69.6833334235	-32.7228525063	5
-69.6993850784	-32.8123319345	5
-69.7154682075	-32.9018043992	5
-69.731582901	-32.9912694437	5
-69.7477292494	-33.0807266113	5
-69.7639073434	-33.1701754458	5
-69.7801172742	-33.2596154908	5
-69.7963591332	-33.3490462902	5
-69.8126330123	-33.4384673882	5
-69.8289390036	-33.527878329	5
-69.8452771995	-33.6172786572	5
-69.861647693	-33.7066679177	5
-69.8780505771	-33.7960456553	5
-69.8944859456	-33.8854114155	5
-69.9109538921	-33.9747647436	6
-69.927454511	-34.0641051857	6
-69.9439878968	-34.1534322877	6
-69.9605541445	-34.2427455963	6
-69.9771533493	-34.3320446581	6
-69.993785607	-34.4213290202	6
-70.0104510135	-34.5105982302	6
-70.0271496651	-34.5998518358	6
-70.0438816588	-34.6890893853	6
-70.0606470914	-34.7783104272	6
-70.0774460606	-34.8675145107	6
-70.094278664	-34.956701185	6
-70.111145	-35.04587	6
-70.1179494721	-35.1363680517	6
-70.1247697731	-35.2268747978	6
-70.1316059582	-35.3173897839	6
-70.1384580827	-35.4079125553	6
-70.1453262022	-35.4984426573	7
-70.1522103725	-35.5889796348	7
-70.1591106499	-35.6795230323	7
-70.1660270908	-35.7700723945	7
-70.1729597516	-35.8606272655	7
-70.1799086895	-35.9511871895	7
-70.1868739616	-36.0417517104	7
-70.1938556253	-36.1323203718	7
-70.2008537383	-36.2228927176	7
-70.2078683587	-36.313468291	7
-70.2148995447	-36.4040466355	8
-70.2219473549	-36.4946272944	8
-70.229011848	-36.5852098108	8
-70.2360930832	-36.6757937278	8
-70.2431911198	-36.7663785885	8
-70.2503060175	-36.8569639359	8
-70.2574378361	-36.9475493128	8
-70.264586636	-37.0381342623	8
-70.2717524777	-37.1287183273	8
-70.2789354218	-37.2193010507	8
-70.2861355295	-37.3098819754	8
-70.2933528621	-37.4004606445	8
-70.3005874813	-37.4910366009	8
-70.3078394491	-37.5816093878	8
-70.3151088277	-37.6721785484	8
-70.3223956796	-37.7627436258	8
-70.3297000676	-37.8533041635	8
-70.337022055	-37.943859705	8
-70.3443617051	-38.0344097938	8
-70.3517190817	-38.1249539737	8
-70.3590942489	-38.2154917886	8
-70.3664872709	-38.3060227825	8
-70.3738982126	-38.3965464998	9
-70.3813271388	-38.4870624849	9
-70.3887741149	-38.5775702825	9
-70.3962392065	-38.6680694374	8
-70.4037224794	-38.7585594948	8
-70.411224	-38.84904	8
-70.4250954575	-38.9385233759	8
-70.4390033139	-39.0280137513	8
-70.452947711	-39.1175106745	8
-70.4669287914	-39.2070136934	8
-70.4809466983	-39.2965223558	8
-70.4950015758	-39.3860362093	8
-70.5090935685	-39.4755548009	8
-70.5232228221	-39.5650776777	8
-70.5373894827	-39.6546043865	8
-70.5515936974	-39.744134474	8
-70.5658356139	-39.8336674864	8
-70.5801153807	-39.92320297	8
-70.5944331473	-40.0127404709	8
-70.6087890636	-40.1022795349	8
-70.6231832806	-40.191819708	8
-70.6376159499	-40.2813605356	8
-70.6520872239	-40.3709015633	8
-70.6665972558	-40.4604423367	8
-70.6811461999	-40.5499824009	8
-70.6957342108	-40.6395213014	8
-70.7103614442	-40.7290585833	8
-70.7250280567	-40.8185937918	8
-70.7397342056	-40.9081264721	8
-70.7544800489	-40.9976561692	8
-70.7692657457	-41.0871824284	8
-70.7840914557	-41.1767047946	8
-70.7989573397	-41.2662228132	8
-70.813863559	-41.3557360291	8
-70.8288102762	-41.4452439878	8
-70.8437976543	-41.5347462344	8
-70.8588258575	-41.6242423143	8
-70.8738950508	-41.713731773	8
-70.8890053999	-41.8032141559	8
-70.9041570717	-41.8926890088	8
-70.9193502337	-41.9821558773	8
-70.9345850543	-42.0716143074	8
-70.9498617032	-42.1610638452	8
-70.9651803505	-42.2505040369	7
-70.9805411674	-42.3399344288	7
-70.9959443263	-42.4293545676	6
-71.01139	-42.518764	6
-71.0206490254	-42.6069910351	6
-71.0299349589	-42.6952234293	6
-71.0392479175	-42.7834607575	6
-71.0485880188	-42.8717025945	6
-71.0579553811	-42.959948515	7
-71.0673501235	-43.0481980936	6
-71.0767723657	-43.1364509045	7
-71.086222228	-43.224706522	7
-71.0956998317	-43.3129645202	7
-71.1052052985	-43.401224473	8
-71.1147387509	-43.4894859545	8
-71.1243003122	-43.5777485383	8
-71.1338901064	-43.6660117982	8
-71.1435082581	-43.7542753078	8
-71.1531548928	-43.8425386408	7
-71.1628301366	-43.9308013708	7
-71.1725341164	-44.0190630712	6
-71.18226696	-44.1073233156	6
-71.1920287956	-44.1955816776	6
-71.2018197525	-44.2838377307	6
-71.2116399606	-44.3720910483	6
-71.2214895505	-44.4603412042	6
-71.2313686539	-44.548587772	7
-71.2412774028	-44.6368303252	7
-71.2512159305	-44.7250684378	7
-71.2611843706	-44.8133016834	7
-71.271182858	-44.9015296361	7
-71.2812115279	-44.98975187	7
-71.2912705167	-45.077967959	7
-71.3013599614	-45.1661774775	7
-71.31148	-45.25438	7
-71.3224634114	-45.3429482598	7
-71.3334819596	-45.4315212243	7
-71.3445358128	-45.5200984606	6
-71.35562514	-45.6086795357	7
-71.3667501114	-45.6972640163	7
-71.3779108984	-45.7858514692	7
-71.3891076733	-45.8744414608	7
-71.4003406097	-45.9630335575	6
-71.411609882	-46.0516273254	7
-71.4229156661	-46.1402223306	6
-71.4342581387	-46.2288181392	6
-71.4456374779	-46.317414317	6
-71.4570538628	-46.4060104299	6
-71.4685074737	-46.4946060436	6
-71.479998492	-46.5832007239	6
-71.4915271004	-46.6717940363	7
-71.5030934826	-46.7603855466	7
-71.5146978238	-46.8489748202	7
-71.52634031	-46.937561423	7
-71.5380211288	-47.0261449203	7
-71.5497404687	-47.114724878	7
-71.5614985197	-47.2033008615	7
-71.5732954728	-47.2918724368	7
-71.5851315206	-47.3804391694	7
-71.5970068565	-47.4690006252	7
-71.6089216756	-47.5575563701	7
-71.620876174	-47.6461059701	7
-71.6328705492	-47.7346489914	7
-71.644905	-47.823185	7
-71.6355768252	-47.9135282496	7
-71.626215506	-48.0038757084	7
-71.6168208659	-48.0942269198	7
-71.6073927272	-48.1845814277	7
-71.5979309109	-48.2749387752	7
-71.5884352368	-48.3652985058	7
-71.5789055233	-48.4556601625	7
-71.5693415877	-48.5460232885	7
-71.5597432457	-48.6363874265	7
-71.5501103119	-48.7267521195	7
-71.5404425995	-48.8171169103	7
-71.5307399204	-48.9074813415	7
-71.5210020852	-48.9978449559	7
-71.5112289028	-49.088207296	7
-71.5014201812	-49.1785679046	7
-71.4915757266	-49.2689263241	7
-71.4816953441	-49.3592820973	7
-71.4717788372	-49.4496347668	7
-71.461826008	-49.5399838753	7
-71.4518366572	-49.6303289654	7
-71.4418105839	-49.7206695801	7
-71.4317475861	-49.8110052621	7
-71.4216474598	-49.9013355544	7
-71.41151	-49.99166	7
-71.3638857313	-50.0753189002	7
-71.3160919956	-50.1589635076	7
-71.2681279536	-50.2425932879	7
-71.2199927611	-50.3262077061	7
-71.1716855685	-50.4098062263	7
-71.1232055215	-50.4933883118	7
-71.0745517603	-50.576953425	7
-71.0257234201	-50.6605010276	7
-70.976719631	-50.7440305805	7
-70.9275395176	-50.8275415438	7
-70.8781821995	-50.9110333768	7
-70.8286467909	-50.994505538	7
-70.7789324005	-51.0779574851	7
-70.7290381318	-51.1613886751	7
-70.6789630829	-51.2447985643	7
-70.6287063464	-51.3281866081	7
-70.5782670095	-51.4115522614	7
-70.5276441536	-51.494894978	7
-70.476836855	-51.5782142113	7
-70.425844184	-51.6615094139	6
-70.3746652056	-51.7447800375	6
-70.323298979	-51.8280255333	6
-70.2717445577	-51.9112453517	6
-70.2200009894	-51.9944389426	6
-70.1680673162	-52.0776057548	6
-70.1159425743	-52.1607452367	6
-70.063625794	-52.2438568361	6
-70.011116	-52.32694	6
